0;2
1;0
2;1
3;32
4;17
5;2
6;60
7;47
8;9
9;81
10;8
11;7
12;17
13;40
14;23
15;44
16;1
17;10
18;9
19;170
20;1
21;12
22;22
23;8
24;5
25;5
26;7
27;5
28;115
29;50
30;22
31;43
32;108
33;166
34;6
35;12
36;36
37;0
38;112
39;1
40;45
41;1
42;25
43;1
44;0
45;140
46;1
47;0
48;93
49;5
50;27
51;6
52;8
53;9
54;4
55;0
56;154
57;4
58;20
59;1
60;11
61;13
62;48
63;2
64;65
65;0
66;205
67;0
68;32
69;6
70;13
71;3
72;0
73;2
74;30
75;175
76;1
77;144
78;52
79;7
80;7
81;20
82;9
83;12
84;18
85;3
86;1
87;58
88;39
89;0
90;40
91;1
92;25
93;16
94;12
95;2
96;0
97;4
98;16
99;24
100;51
101;6
102;47
103;435
104;0
105;0
106;38
107;20
108;23
109;7
110;14
111;26
112;10
113;59
114;0
115;56
116;97
117;40
118;2
119;14
120;0
121;158
122;41
123;12
124;21
125;3
126;4
127;7
128;79
129;61
130;14
131;3
132;53
133;2
134;226
135;9
136;10
137;1
138;15
139;1
140;58
141;95
142;46
143;28
144;11
145;10
146;5
147;25
148;1
149;0
150;15
151;9
152;59
153;19
154;151
155;85
156;24
157;12
158;1
159;0
160;50
161;30
162;0
163;0
164;19
165;0
166;26
167;16
168;56
169;10
170;27
171;27
172;83
173;6
174;3
175;0
176;9
177;17
178;15
179;17
180;24
181;80
182;77
183;31
184;89
185;29
186;8
187;133
188;0
189;30
190;10
191;277
192;171
193;4
194;20
195;1
196;3
197;3
198;19
199;1
200;27
201;19
202;44
203;125
204;59
205;0
206;33
207;1
208;165
209;2
210;81
211;0
212;64
213;3
214;2
215;51
216;10
217;39
218;1
219;57
220;1
221;28
222;258
223;8
224;34
225;10
226;0
227;1
228;11
229;5
230;5
231;6
232;89
233;66
234;29
235;40
236;26
237;14
238;26
239;0
240;162
241;52
242;4
243;45
244;5
245;4
246;1
247;7
248;2
249;0
250;3
251;22
252;1
253;17
254;9
255;24
256;0
257;7
258;15
259;33
260;19
261;34
262;42
263;38
264;87
265;45
266;23
267;32
268;63
269;90
270;59
271;27
272;16
273;42
274;26
275;0
276;12
277;1
278;4
279;22
280;6
281;3
282;55
283;36
284;165
285;82
286;28
287;21
288;28
289;154
290;905
291;198
292;23
293;131
294;60
295;33
296;12
297;3
298;82
299;25
300;5
301;8
302;7
303;0
304;6
305;15
306;2
307;3
308;27
309;7
310;15
311;64
312;339
313;108
314;16
315;3
316;10
317;5
318;15
319;31
320;5
321;0
322;3
323;49
324;2
325;0
326;9
327;0
328;32
329;30
330;57
331;3
332;118
333;0
334;4
335;11
336;45
337;0
338;11
339;34
340;34
341;96
342;45
343;16
344;30
345;8
346;10
347;4
348;0
349;7
350;1
351;44
352;234
353;42
354;15
355;0
356;25
357;2
358;0
359;1
360;73
361;77
362;0
363;0
364;17
365;3
366;2
367;26
368;3
369;14
370;26
371;1
372;51
373;342
374;0
375;4
376;0
377;37
378;2
379;85
380;16
381;0
382;3
383;1
384;51
385;75
386;26
387;56
388;202
389;0
390;86
391;13
392;7
393;3
394;2
395;12
396;6
397;78
398;0
399;25
400;1
401;72
402;7
403;24
404;5
405;11
406;6
407;20
408;12
409;21
410;3
411;195
412;32
413;28
414;0
415;46
416;51
417;4
418;0
419;132
420;11
421;94
422;81
423;30
424;1
425;3
426;18
427;14
428;145
429;34
430;10
431;81
432;36
433;44
434;17
435;11
436;120
437;144
438;0
439;30
440;18
441;1
442;7
443;50
444;21
445;0
446;5
447;13
448;24
449;34
450;31
451;33
452;55
453;63
454;19
455;94
456;0
457;120
458;46
459;63
460;5
461;71
462;6
463;4
464;100
465;97
466;0
467;17
468;0
469;0
470;38
471;21
472;8
473;46
474;34
475;13
476;52
477;11
478;11
479;41
480;200
481;50
482;1
483;19
484;0
485;69
486;9
487;2
488;50
489;23
490;29
491;0
492;84
493;131
494;40
495;19
496;15
497;45
498;9
499;23
500;450
501;4
502;1
503;39
504;26
505;20
506;1
507;9
508;34
509;120
510;0
511;13
512;7
513;107
514;0
515;28
516;1
517;0
518;50
519;0
520;61
521;26
522;0
523;12
524;9
525;43
526;37
527;40
528;26
529;9
530;23
531;9
532;0
533;31
534;5
535;0
536;5
537;12
538;42
539;5
540;156
541;225
542;41
543;16
544;124
545;15
546;4
547;14
548;240
549;0
550;40
551;147
552;7
553;76
554;156
555;8
556;173
557;62
558;49
559;13
560;108
561;87
562;4
563;4
564;4
565;69
566;17
567;86
568;10
569;116
570;17
571;48
572;113
573;3
574;32
575;24
576;0
577;27
578;11
579;11
580;14
581;0
582;10
583;23
584;0
585;43
586;2
587;2
588;0
589;13
590;14
591;2
592;197
593;9
594;26
595;1
596;15
597;52
598;26
599;11
600;221
601;165
602;17
603;16
604;13
605;18
606;78
607;54
608;9
609;11
610;3
611;10
612;52
613;11
614;19
615;1
616;98
617;25
618;18
619;321
620;68
621;26
622;7
623;0
624;49
625;8
626;4
627;4
628;13
629;12
630;118
631;9
632;57
633;29
634;9
635;18
636;5
637;11
638;36
639;0
640;81
641;3
642;7
643;28
644;2
645;1
646;107
647;85
648;24
649;51
650;37
651;5
652;21
653;6
654;56
655;1
656;2
657;6
658;182
659;0
660;0
661;128
662;31
663;4
664;3
665;46
666;6
667;23
668;47
669;45
670;44
671;12
672;0
673;0
674;2
675;11
676;8
677;92
678;0
679;1
680;11
681;252
682;55
683;45
684;38
685;39
686;1
687;11
688;77
689;73
690;134
691;1
692;54
693;23
694;15
695;11
696;27
697;190
698;10
699;0
700;60
701;34
702;14
703;0
704;0
705;6
706;75
707;36
708;2
709;1
710;69
711;15
712;18
713;37
714;49
715;37
716;0
717;91
718;11
719;1
720;0
721;13
722;91
723;33
724;11
725;7
726;11
727;232
728;32
729;3
730;31
731;129
732;51
733;146
734;12
735;65
736;57
737;7
738;3
739;48
740;0
741;75
742;22
743;149
744;113
745;23
746;3
747;17
748;0
749;86
750;138
751;16
752;20
753;106
754;18
755;5
756;0
757;8
758;95
759;10
760;563
761;28
762;206
763;35
764;8
765;17
766;16
767;29
768;24
769;50
770;241
771;3
772;26
773;104
774;4
775;66
776;29
777;29
778;10
779;4
780;5
781;87
782;1
783;239
784;68
785;7
786;0
787;8
788;24
789;46
790;4
791;15
792;244
793;23
794;23
795;52
796;12
797;62
798;67
799;0
800;8
801;24
802;57
803;0
804;138
805;10
806;14
807;0
808;2
809;66
810;18
811;9
812;10
813;40
814;16
815;22
816;42
817;77
818;4
819;0
820;120
821;186
822;44
823;113
824;146
825;83
826;34
827;0
828;20
829;3
830;1
831;130
832;218
833;9
834;43
835;20
836;28
837;17
838;0
839;35
840;0
841;0
842;8
843;76
844;23
845;30
846;56
847;6
848;18
849;0
850;67
851;0
852;4
853;40
854;47
855;5
856;15
857;41
858;0
859;12
860;1
861;25
862;8
863;21
864;12
865;0
866;13
867;0
868;8
869;16
870;71
871;0
872;5
873;1
874;26
875;131
876;43
877;4
878;7
879;1
880;0
881;14
882;296
883;49
884;85
885;2
886;7
887;6
888;76
889;47
890;8
891;11
892;3
893;23
894;1
895;89
896;17
897;3
898;20
899;25
900;24
901;19
902;9
903;34
904;3
905;1
906;14
907;6
908;103
909;26
910;27
911;2
912;66
913;78
914;3
915;1
916;12
917;111
918;108
919;7
920;100
921;3
922;21
923;8
924;189
925;0
926;8
927;4
928;141
929;36
930;62
931;2
932;0
933;72
934;25
935;16
936;51
937;0
938;8
939;25
940;74
941;7
942;34
943;80
944;21
945;107
946;0
947;84
948;0
949;91
950;0
951;14
952;0
953;94
954;13
955;78
956;12
957;77
958;40
959;9
960;66
961;178
962;29
963;4
964;17
965;2
966;7
967;59
968;17
969;25
970;95
971;162
972;38
973;5
974;18
975;7
976;13
977;37
978;22
979;84
980;6
981;3
982;62
983;51
984;2
985;0
986;38
987;93
988;28
989;34
990;0
991;72
992;105
993;64
994;2
995;2
996;0
997;2
998;41
999;23
1000;55
1001;31
1002;13
1003;20
1004;42
1005;28
1006;73
1007;101
1008;144
1009;10
1010;0
1011;18
1012;7
1013;94
1014;2
1015;12
1016;6
1017;2
1018;0
1019;39
1020;92
1021;61
1022;63
1023;14
1024;13
1025;44
1026;40
1027;74
1028;51
1029;132
1030;0
1031;0
1032;3
1033;3
1034;20
1035;128
1036;3
1037;1
1038;0
1039;81
1040;3
1041;26
1042;0
1043;18
1044;45
1045;81
1046;2
1047;126
1048;4
1049;14
1050;137
1051;7
1052;38
1053;4
1054;4
1055;17
1056;89
1057;59
1058;9
1059;0
1060;27
1061;0
1062;2
1063;8
1064;5
1065;0
1066;25
1067;38
1068;1
1069;87
1070;41
1071;120
1072;64
1073;1
1074;3
1075;48
1076;2
1077;9
1078;10
1079;5
1080;1
1081;4
1082;14
1083;45
1084;6
1085;6
1086;22
1087;40
1088;101
1089;46
1090;62
1091;12
1092;131
1093;0
1094;0
1095;1
1096;13
1097;145
1098;19
1099;33
1100;118
1101;19
1102;19
1103;7
1104;2
1105;0
1106;6
1107;49
1108;6
1109;4
1110;50
1111;13
1112;47
1113;31
1114;4
1115;20
1116;21
1117;34
1118;20
1119;52
1120;28
1121;15
1122;18
1123;11
1124;66
1125;9
1126;0
1127;9
1128;25
1129;7
1130;14
1131;59
1132;1
1133;0
1134;18
1135;69
1136;2
1137;108
1138;0
1139;26
1140;144
1141;2
1142;117
1143;2
1144;62
1145;17
1146;12
1147;0
1148;60
1149;1
1150;63
1151;16
1152;31
1153;9
1154;2
1155;19
1156;0
1157;8
1158;0
1159;13
1160;13
1161;22
1162;38
1163;6
1164;10
1165;1
1166;15
1167;55
1168;99
1169;1
1170;16
1171;27
1172;16
1173;51
1174;14
1175;15
1176;5
1177;45
1178;114
1179;18
1180;0
1181;0
1182;2
1183;18
1184;10
1185;29
1186;48
1187;10
1188;1
1189;198
1190;82
1191;117
1192;9
1193;5
1194;18
1195;50
1196;57
1197;25
1198;39
1199;28
1200;69
1201;41
1202;78
1203;119
1204;4
1205;20
1206;70
1207;34
1208;18
1209;0
1210;0
1211;5
1212;0
1213;3
1214;20
1215;3
1216;84
1217;12
1218;12
1219;32
1220;6
1221;0
1222;6
1223;81
1224;10
1225;64
1226;167
1227;27
1228;17
1229;112
1230;1
1231;11
1232;176
1233;38
1234;5
1235;0
1236;8
1237;5
1238;407
1239;5
1240;0
1241;5
1242;18
1243;18
1244;18
1245;22
1246;58
1247;26
1248;67
1249;57
1250;55
1251;39
1252;10
1253;67
1254;9
1255;89
1256;1
1257;0
1258;5
1259;15
1260;21
1261;44
1262;1
1263;63
1264;103
1265;0
1266;16
1267;62
1268;2
1269;19
1270;13
1271;2
1272;16
1273;256
1274;49
1275;3
1276;20
1277;5
1278;20
1279;18
1280;12
1281;152
1282;44
1283;3
1284;63
1285;0
1286;2
1287;34
1288;16
1289;4
1290;25
1291;0
1292;0
1293;200
1294;59
1295;2
1296;7
1297;180
1298;27
1299;0
1300;2
1301;0
1302;22
1303;14
1304;1
1305;14
1306;0
1307;36
1308;235
1309;3
1310;1
1311;75
1312;0
1313;2
1314;43
1315;0
1316;27
1317;87
1318;2
1319;0
1320;13
1321;5
1322;0
1323;38
1324;50
1325;0
1326;77
1327;2
1328;9
1329;99
1330;4
1331;11
1332;0
1333;41
1334;6
1335;74
1336;45
1337;1
1338;10
1339;0
1340;17
1341;10
1342;43
1343;0
1344;3
1345;0
1346;5
1347;8
1348;121
1349;8
1350;0
1351;5
1352;7
1353;5
1354;11
1355;0
1356;7
1357;15
1358;22
1359;28
1360;10
1361;112
1362;1
1363;6
1364;28
1365;13
1366;38
1367;1
1368;1
1369;7
1370;7
1371;68
1372;16
1373;1
1374;58
1375;0
1376;25
1377;38
1378;1
1379;1
1380;218
1381;6
1382;56
1383;70
1384;27
1385;2
1386;25
1387;8
1388;0
1389;33
1390;4
1391;10
1392;9
1393;3
1394;13
1395;17
1396;6
1397;6
1398;1
1399;55
1400;111
1401;16
1402;37
1403;1
1404;1
1405;2
1406;4
1407;2
1408;1
1409;5
1410;3
1411;5
1412;4
1413;179
1414;31
1415;3
1416;2
1417;2
1418;2
1419;57
1420;21
1421;12
1422;30
1423;0
1424;11
1425;48
1426;26
1427;35
1428;1
1429;58
1430;38
1431;1
1432;143
1433;148
1434;1
1435;5
1436;25
1437;17
1438;499
1439;2
1440;11
1441;39
1442;6
1443;71
1444;1
1445;14
1446;58
1447;0
1448;42
1449;18
1450;3
1451;1
1452;63
1453;0
1454;7
1455;45
1456;56
1457;1
1458;66
1459;40
1460;99
1461;20
1462;66
1463;22
1464;81
1465;69
1466;49
1467;6
1468;55
1469;67
1470;11
1471;16
1472;0
1473;10
1474;45
1475;29
1476;79
1477;0
1478;16
1479;11
1480;4
1481;25
1482;34
1483;11
1484;81
1485;3
1486;8
1487;0
1488;35
1489;21
1490;1
1491;117
1492;7
1493;7
1494;46
1495;51
1496;11
1497;23
1498;24
1499;71
1500;86
1501;1
1502;15
1503;8
1504;13
1505;29
1506;85
1507;18
1508;58
1509;25
1510;69
1511;7
1512;148
1513;36
1514;1
1515;37
1516;8
1517;1
1518;5
1519;57
1520;0
1521;0
1522;179
1523;66
1524;92
1525;8
1526;111
1527;276
1528;6
1529;8
1530;4
1531;113
1532;0
1533;25
1534;44
1535;36
1536;18
1537;13
1538;42
1539;7
1540;55
1541;28
1542;1
1543;28
1544;9
1545;5
1546;14
1547;0
1548;158
1549;79
1550;37
1551;1
1552;98
1553;10
1554;172
1555;2
1556;52
1557;0
1558;26
1559;1
1560;25
1561;6
1562;17
1563;6
1564;47
1565;28
1566;29
1567;38
1568;24
1569;3
1570;4
1571;20
1572;34
1573;116
1574;41
1575;0
1576;0
1577;6
1578;12
1579;3
1580;59
1581;58
1582;30
1583;4
1584;84
1585;3
1586;0
1587;14
1588;77
1589;30
1590;7
1591;8
1592;76
1593;7
1594;17
1595;3
1596;133
1597;37
1598;3
1599;68
1600;10
1601;19
1602;49
1603;39
1604;195
1605;26
1606;4
1607;255
1608;18
1609;15
1610;4
1611;36
1612;11
1613;2
1614;13
1615;4
1616;12
1617;66
1618;31
1619;7
1620;68
1621;3
1622;35
1623;29
1624;6
1625;41
1626;19
1627;18
1628;29
1629;274
1630;3
1631;12
1632;36
1633;20
1634;33
1635;81
1636;102
1637;127
1638;11
1639;0
1640;37
1641;75
1642;32
1643;77
1644;7
1645;48
1646;1
1647;38
1648;2
1649;51
1650;39
1651;7
1652;0
1653;58
1654;40
1655;8
1656;1
1657;62
1658;63
1659;16
1660;1
1661;8
1662;19
1663;124
1664;8
1665;9
1666;47
1667;23
1668;9
1669;0
1670;6
1671;97
1672;0
1673;23
1674;35
1675;17
1676;101
1677;77
1678;1
1679;43
1680;6
1681;73
1682;4
1683;113
1684;140
1685;0
1686;43
1687;10
1688;1
1689;7
1690;135
1691;7
1692;18
1693;74
1694;22
1695;58
1696;0
1697;85
1698;9
1699;9
1700;188
1701;5
1702;0
1703;0
1704;17
1705;22
1706;4
1707;39
1708;26
1709;9
1710;19
1711;28
1712;203
1713;56
1714;22
1715;57
1716;5
1717;96
1718;59
1719;0
1720;220
1721;2
1722;211
1723;28
1724;73
1725;13
1726;29
1727;12
1728;2
1729;4
1730;6
1731;38
1732;11
1733;29
1734;12
1735;12
1736;2
1737;6
1738;17
1739;20
1740;15
1741;263
1742;3
1743;21
1744;2
1745;51
1746;7
1747;22
1748;22
1749;31
1750;47
1751;8
1752;7
1753;26
1754;26
1755;87
1756;34
1757;264
1758;2
1759;0
1760;2
1761;31
1762;30
1763;4
1764;70
1765;11
1766;137
1767;5
1768;57
1769;32
1770;12
1771;0
1772;197
1773;42
1774;1
1775;67
1776;15
1777;124
1778;86
1779;3
1780;27
1781;11
1782;0
1783;1
1784;15
1785;8
1786;41
1787;0
1788;217
1789;8
1790;22
1791;28
1792;91
1793;54
1794;19
1795;0
1796;0
1797;12
1798;102
1799;0
1800;21
1801;2
1802;0
1803;60
1804;2
1805;0
1806;68
1807;33
1808;0
1809;19
1810;44
1811;18
1812;42
1813;12
1814;59
1815;3
1816;87
1817;54
1818;64
1819;43
1820;316
1821;38
1822;3
1823;84
1824;45
1825;33
1826;2
1827;6
1828;80
1829;65
1830;27
1831;354
1832;33
1833;17
1834;1
1835;0
1836;40
1837;34
1838;58
1839;30
1840;9
1841;2
1842;0
1843;10
1844;67
1845;57
1846;67
1847;44
1848;4
1849;43
1850;11
1851;170
1852;22
1853;0
1854;0
1855;14
1856;0
1857;0
1858;50
1859;9
1860;5
1861;19
1862;12
1863;138
1864;15
1865;154
1866;1
1867;2
1868;9
1869;3
1870;12
1871;40
1872;33
1873;1
1874;1
1875;237
1876;63
1877;6
1878;69
1879;42
1880;22
1881;11
1882;9
1883;5
1884;7
1885;111
1886;2
1887;137
1888;110
1889;0
1890;54
1891;1
1892;3
1893;44
1894;11
1895;18
1896;2
1897;186
1898;0
1899;30
1900;135
1901;191
1902;19
1903;0
1904;5
1905;7
1906;23
1907;4
1908;29
1909;1
1910;21
1911;59
1912;26
1913;3
1914;1
1915;71
1916;19
1917;86
1918;130
1919;0
1920;95
1921;229
1922;48
1923;0
1924;13
1925;42
1926;82
1927;11
1928;0
1929;248
1930;151
1931;30
1932;22
1933;21
1934;80
1935;74
1936;0
1937;128
1938;117
1939;49
1940;19
1941;22
1942;48
1943;0
1944;6
1945;16
1946;79
1947;3
1948;11
1949;6
1950;5
1951;10
1952;21
1953;3
1954;0
1955;24
1956;25
1957;2
1958;0
1959;1
1960;0
1961;97
1962;109
1963;20
1964;1
1965;3
1966;102
1967;362
1968;23
1969;0
1970;85
1971;16
1972;9
1973;2
1974;20
1975;4
1976;2
1977;235
1978;41
1979;144
1980;33
1981;5
1982;8
1983;0
1984;1
1985;720
1986;0
1987;76
1988;57
1989;152
1990;1
1991;87
1992;4
1993;6
1994;2
1995;13
1996;13
1997;44
1998;83
1999;15
2000;4
2001;39
2002;6
2003;0
2004;10
2005;2
2006;8
2007;8
2008;10
2009;99
2010;86
2011;2
2012;43
2013;72
2014;3
2015;46
2016;19
2017;21
2018;181
2019;20
2020;29
2021;38
2022;33
2023;12
2024;2
2025;8
2026;14
2027;65
2028;3
2029;52
2030;48
2031;1
2032;20
2033;5
2034;4
2035;25
2036;61
2037;41
2038;353
2039;25
2040;25
2041;45
2042;1
2043;3
2044;48
2045;4
2046;6
2047;0
2048;154
2049;22
2050;5
2051;15
2052;2
2053;3
2054;20
2055;14
2056;38
2057;2
2058;1
2059;29
2060;144
2061;119
2062;52
2063;6
2064;4
2065;15
2066;37
2067;0
2068;30
2069;41
2070;2
2071;187
2072;19
2073;0
2074;85
2075;0
2076;20
2077;0
2078;56
2079;51
2080;1
2081;112
2082;93
2083;18
2084;105
2085;52
2086;4
2087;3
2088;35
2089;139
2090;13
2091;53
2092;23
2093;2
2094;52
2095;67
2096;48
2097;7
2098;33
2099;26
2100;26
2101;0
2102;22
2103;25
2104;6
2105;23
2106;14
2107;37
2108;35
2109;2
2110;13
2111;29
2112;29
2113;4
2114;24
2115;1
2116;22
2117;20
2118;183
2119;3
2120;10
2121;10
2122;51
2123;97
2124;26
2125;33
2126;0
2127;45
2128;0
2129;35
2130;9
2131;11
2132;62
2133;2
2134;32
2135;1
2136;21
2137;29
2138;73
2139;0
2140;1
2141;1
2142;10
2143;3
2144;27
2145;36
2146;30
2147;0
2148;13
2149;10
2150;69
2151;135
2152;35
2153;0
2154;15
2155;25
2156;0
2157;2
2158;7
2159;74
2160;18
2161;16
2162;3
2163;9
2164;0
2165;0
2166;0
2167;10
2168;28
2169;68
2170;3
2171;51
2172;60
2173;2
2174;45
2175;15
2176;69
2177;19
2178;19
2179;234
2180;3
2181;0
2182;108
2183;26
2184;17
2185;42
2186;1
2187;10
2188;36
2189;4
2190;37
2191;3
2192;17
2193;20
2194;26
2195;0
2196;29
2197;0
2198;161
2199;1
2200;28
2201;1
2202;90
2203;47
2204;14
2205;101
2206;7
2207;42
2208;6
2209;3
2210;31
2211;82
2212;1
2213;4
2214;20
2215;0
2216;0
2217;18
2218;28
2219;95
2220;7
2221;23
2222;0
2223;33
2224;108
2225;1
2226;32
2227;12
2228;5
2229;44
2230;6
2231;10
2232;37
2233;0
2234;37
2235;7
2236;38
2237;25
2238;0
2239;68
2240;14
2241;211
2242;43
2243;0
2244;34
2245;14
2246;23
2247;35
2248;0
2249;0
2250;41
2251;0
2252;4
2253;187
2254;15
2255;45
2256;153
2257;0
2258;53
2259;2
2260;24
2261;9
2262;35
2263;196
2264;214
2265;2
2266;3
2267;55
2268;40
2269;26
2270;2
2271;3
2272;2
2273;4
2274;79
2275;50
2276;1
2277;122
2278;220
2279;0
2280;5
2281;49
2282;27
2283;46
2284;12
2285;0
2286;17
2287;79
2288;0
2289;35
2290;99
2291;86
2292;73
2293;5
2294;79
2295;6
2296;53
2297;1
2298;49
2299;3
2300;5
2301;0
2302;34
2303;55
2304;7
2305;1
2306;23
2307;2
2308;288
2309;46
2310;28
2311;2
2312;2
2313;0
2314;9
2315;76
2316;25
2317;2
2318;12
2319;76
2320;15
2321;92
2322;66
2323;17
2324;32
2325;6
2326;73
2327;14
2328;58
2329;42
2330;5
2331;22
2332;12
2333;52
2334;5
2335;13
2336;0
2337;40
2338;19
2339;2
2340;0
2341;35
2342;86
2343;1
2344;0
2345;40
2346;28
2347;0
2348;7
2349;25
2350;23
2351;36
2352;62
2353;6
2354;10
2355;27
2356;0
2357;28
2358;5
2359;0
2360;39
2361;5
2362;107
2363;89
2364;33
2365;17
2366;41
2367;1
2368;11
2369;0
2370;29
2371;24
2372;30
2373;0
2374;68
2375;38
2376;1
2377;47
2378;8
2379;20
2380;28
2381;3
2382;33
2383;4
2384;8
2385;8
2386;157
2387;40
2388;47
2389;117
2390;2
2391;31
2392;20
2393;36
2394;45
2395;62
2396;58
2397;17
2398;49
2399;92
2400;0
2401;65
2402;31
2403;36
2404;9
2405;24
2406;55
2407;64
2408;7
2409;43
2410;80
2411;17
2412;23
2413;215
2414;0
2415;34
2416;28
2417;2
2418;16
2419;17
2420;1
2421;150
2422;70
2423;17
2424;7
2425;4
2426;14
2427;131
2428;0
2429;4
2430;0
2431;1
2432;6
2433;0
2434;36
2435;150
2436;4
2437;5
2438;32
2439;6
2440;0
2441;39
2442;39
2443;1
2444;116
2445;2
2446;7
2447;36
2448;5
2449;1
2450;11
2451;83
2452;0
2453;5
2454;55
2455;5
2456;71
2457;20
2458;14
2459;184
2460;0
2461;0
2462;0
2463;0
2464;53
2465;52
2466;221
2467;12
2468;15
2469;7
2470;0
2471;100
2472;0
2473;11
2474;48
2475;30
2476;4
2477;113
2478;26
2479;198
2480;12
2481;19
2482;0
2483;79
2484;2
2485;18
2486;16
2487;22
2488;94
2489;1
2490;5
2491;0
2492;4
2493;26
2494;50
2495;0
2496;20
2497;5
2498;0
2499;74
2500;49
2501;12
2502;29
2503;5
2504;90
2505;0
2506;16
2507;0
2508;85
2509;11
2510;61
2511;2
2512;74
2513;21
2514;19
2515;0
2516;34
2517;41
2518;0
2519;1
2520;10
2521;66
2522;76
2523;0
2524;1
2525;44
2526;0
2527;55
2528;1
2529;19
2530;18
2531;49
2532;56
2533;85
2534;29
2535;7
2536;103
2537;16
2538;11
2539;0
2540;31
2541;17
2542;229
2543;20
2544;72
2545;49
2546;85
2547;0
2548;24
2549;14
2550;42
2551;17
2552;33
2553;8
2554;0
2555;20
2556;64
2557;35
2558;2
2559;36
2560;0
2561;97
2562;0
2563;8
2564;12
2565;0
2566;3
2567;35
2568;20
2569;67
2570;0
2571;48
2572;33
2573;82
2574;13
2575;18
2576;90
2577;1
2578;38
2579;0
2580;4
2581;0
2582;8
2583;12
2584;68
2585;26
2586;23
2587;0
2588;16
2589;10
2590;57
2591;1
2592;4
2593;1
2594;0
2595;9
2596;8
2597;0
2598;4
2599;2
2600;1
2601;3
2602;87
2603;4
2604;2
2605;9
2606;33
2607;0
2608;7
2609;5
2610;23
2611;1
2612;12
2613;8
2614;44
2615;8
2616;1
2617;31
2618;0
2619;8
2620;39
2621;8
2622;21
2623;37
2624;151
2625;0
2626;10
2627;4
2628;9
2629;47
2630;11
2631;57
2632;29
2633;32
2634;2
2635;43
2636;32
2637;15
2638;20
2639;110
2640;36
2641;18
2642;1
2643;50
2644;36
2645;0
2646;33
2647;16
2648;2
2649;11
2650;0
2651;2
2652;150
2653;16
2654;6
2655;33
2656;28
2657;134
2658;2
2659;57
2660;23
2661;1
2662;2
2663;17
2664;5
2665;64
2666;16
2667;0
2668;57
2669;16
2670;20
2671;1
2672;15
2673;52
2674;75
2675;19
2676;26
2677;0
2678;4
2679;85
2680;151
2681;102
2682;5
2683;24
2684;495
2685;0
2686;12
2687;84
2688;8
2689;31
2690;12
2691;4
2692;52
2693;0
2694;39
2695;0
2696;5
2697;0
2698;77
2699;39
2700;228
2701;50
2702;4
2703;10
2704;29
2705;83
2706;4
2707;40
2708;100
2709;4
2710;0
2711;30
2712;61
2713;49
2714;98
2715;0
2716;41
2717;1
2718;9
2719;16
2720;27
2721;18
2722;11
2723;192
2724;4
2725;4
2726;66
2727;78
2728;30
2729;97
2730;50
2731;97
2732;0
2733;29
2734;28
2735;52
2736;114
2737;4
2738;47
2739;6
2740;126
2741;0
2742;17
2743;3
2744;1
2745;47
2746;32
2747;182
2748;47
2749;0
2750;0
2751;63
2752;168
2753;4
2754;7
2755;0
2756;2
2757;0
2758;9
2759;87
2760;75
2761;0
2762;19
2763;65
2764;116
2765;70
2766;19
2767;16
2768;73
2769;33
2770;10
2771;57
2772;17
2773;3
2774;7
2775;1
2776;8
2777;45
2778;0
2779;27
2780;5
2781;11
2782;26
2783;19
2784;113
2785;2
2786;0
2787;18
2788;83
2789;20
2790;0
2791;0
2792;0
2793;0
2794;28
2795;150
2796;78
2797;8
2798;51
2799;17
2800;17
2801;132
2802;263
2803;18
2804;87
2805;6
2806;9
2807;17
2808;15
2809;20
2810;1
2811;128
2812;7
2813;34
2814;66
2815;14
2816;15
2817;209
2818;3
2819;4
2820;24
2821;132
2822;0
2823;23
2824;2
2825;29
2826;1
2827;30
2828;2
2829;1
2830;25
2831;7
2832;6
2833;192
2834;1
2835;0
2836;0
2837;67
2838;21
2839;0
2840;1
2841;20
2842;57
2843;14
2844;202
2845;19
2846;64
2847;56
2848;24
2849;28
2850;25
2851;51
2852;52
2853;0
2854;22
2855;36
2856;9
2857;33
2858;14
2859;44
2860;7
2861;6
2862;0
2863;32
2864;4
2865;14
2866;8
2867;11
2868;13
2869;33
2870;12
2871;0
2872;7
2873;0
2874;19
2875;0
2876;58
2877;45
2878;2
2879;11
2880;6
2881;92
2882;4
2883;11
2884;2
2885;46
2886;8
2887;74
2888;8
2889;60
2890;59
2891;53
2892;146
2893;13
2894;3
2895;45
2896;28
2897;11
2898;2
2899;33
2900;42
2901;52
2902;0
2903;4
2904;3
2905;0
2906;12
2907;304
2908;6
2909;17
2910;6
2911;2
2912;15
2913;0
2914;0
2915;38
2916;1
2917;3
2918;12
2919;2
2920;96
2921;1
2922;18
2923;12
2924;37
2925;56
2926;22
2927;33
2928;68
2929;70
2930;21
2931;4
2932;0
2933;86
2934;1
2935;2
2936;8
2937;24
2938;67
2939;68
2940;88
2941;22
2942;7
2943;33
2944;22
2945;32
2946;106
2947;0
2948;0
2949;12
2950;3
2951;0
2952;50
2953;50
2954;14
2955;0
2956;94
2957;19
2958;9
2959;31
2960;4
2961;16
2962;108
2963;49
2964;42
2965;0
2966;0
2967;0
2968;0
2969;26
2970;4
2971;13
2972;11
2973;2
2974;4
2975;0
2976;71
2977;25
2978;68
2979;39
2980;59
2981;22
2982;19
2983;8
2984;2
2985;29
2986;25
2987;3
2988;35
2989;22
2990;32
2991;39
2992;64
2993;24
2994;62
2995;1
2996;43
2997;13
2998;26
2999;15
3000;8
3001;46
3002;6
3003;58
3004;8
3005;71
3006;44
3007;21
3008;4
3009;0
3010;30
3011;51
3012;3
3013;51
3014;11
3015;0
3016;3
3017;7
3018;34
3019;1
3020;0
3021;6
3022;0
3023;22
3024;4
3025;47
3026;0
3027;109
3028;11
3029;5
3030;0
3031;25
3032;11
3033;48
3034;30
3035;72
3036;2
3037;0
3038;29
3039;33
3040;0
3041;0
3042;6
3043;43
3044;0
3045;6
3046;12
3047;3
3048;26
3049;0
3050;0
3051;13
3052;61
3053;3
3054;5
3055;15
3056;3
3057;205
3058;20
3059;16
3060;26
3061;84
3062;160
3063;10
3064;11
3065;0
3066;1
3067;14
3068;3
3069;16
3070;26
3071;155
3072;55
3073;6
3074;14
3075;27
3076;157
3077;28
3078;6
3079;0
3080;93
3081;9
3082;23
3083;48
3084;4
3085;0
3086;9
3087;111
3088;7
3089;21
3090;22
3091;130
3092;7
3093;9
3094;2
3095;0
3096;5
3097;17
3098;1
3099;101
3100;12
3101;6
3102;6
3103;38
3104;2
3105;19
3106;65
3107;83
3108;1
3109;13
3110;58
3111;2
3112;89
3113;22
3114;9
3115;43
3116;11
3117;13
3118;12
3119;80
3120;375
3121;55
3122;123
3123;28
3124;63
3125;21
3126;8
3127;0
3128;4
3129;243
3130;3
3131;9
3132;2
3133;23
3134;22
3135;32
3136;21
3137;58
3138;62
3139;9
3140;14
3141;19
3142;9
3143;30
3144;53
3145;0
3146;51
3147;4
3148;123
3149;13
3150;15
3151;2
3152;38
3153;26
3154;5
3155;0
3156;142
3157;20
3158;64
3159;14
3160;72
3161;3
3162;29
3163;0
3164;59
3165;52
3166;3
3167;81
3168;59
3169;13
3170;5
3171;1
3172;9
3173;23
3174;17
3175;140
3176;9
3177;0
3178;0
3179;82
3180;135
3181;60
3182;0
3183;77
3184;44
3185;0
3186;3
3187;45
3188;13
3189;2
3190;0
3191;48
3192;25
3193;6
3194;11
3195;30
3196;0
3197;9
3198;7
3199;9
3200;152
3201;5
3202;43
3203;0
3204;4
3205;14
3206;25
3207;50
3208;2
3209;16
3210;4
3211;16
3212;23
3213;0
3214;3
3215;38
3216;44
3217;23
3218;18
3219;618
3220;11
3221;77
3222;15
3223;40
3224;9
3225;0
3226;53
3227;1
3228;58
3229;0
3230;53
3231;153
3232;77
3233;30
3234;39
3235;83
3236;29
3237;49
3238;11
3239;57
3240;0
3241;18
3242;16
3243;198
3244;9
3245;72
3246;24
3247;10
3248;47
3249;21
3250;6
3251;32
3252;59
3253;0
3254;72
3255;15
3256;222
3257;126
3258;14
3259;32
3260;177
3261;7
3262;235
3263;66
3264;0
3265;0
3266;0
3267;7
3268;23
3269;9
3270;191
3271;3
3272;121
3273;108
3274;6
3275;1
3276;5
3277;5
3278;0
3279;0
3280;2
3281;3
3282;0
3283;12
3284;19
3285;9
3286;7
3287;57
3288;1
3289;8
3290;0
3291;12
3292;0
3293;11
3294;9
3295;87
3296;13
3297;20
3298;4
3299;34
3300;1
3301;0
3302;19
3303;0
3304;231
3305;48
3306;2
3307;2
3308;114
3309;28
3310;31
3311;42
3312;38
3313;8
3314;10
3315;3
3316;2
3317;0
3318;0
3319;51
3320;2
3321;13
3322;44
3323;96
3324;26
3325;1
3326;0
3327;0
3328;11
3329;12
3330;85
3331;10
3332;15
3333;12
3334;71
3335;29
3336;4
3337;26
3338;4
3339;6
3340;1
3341;14
3342;49
3343;15
3344;0
3345;43
3346;260
3347;1
3348;74
3349;6
3350;10
3351;65
3352;0
3353;0
3354;0
3355;33
3356;60
3357;40
3358;43
3359;3
3360;4
3361;34
3362;0
3363;7
3364;9
3365;29
3366;80
3367;23
3368;31
3369;245
3370;0
3371;15
3372;49
3373;5
3374;113
3375;83
3376;0
3377;61
3378;48
3379;367
3380;99
3381;29
3382;45
3383;112
3384;6
3385;0
3386;10
3387;34
3388;0
3389;20
3390;17
3391;25
3392;61
3393;5
3394;87
3395;0
3396;46
3397;80
3398;30
3399;51
3400;3
3401;57
3402;4
3403;23
3404;18
3405;9
3406;12
3407;69
3408;29
3409;3
3410;84
3411;50
3412;24
3413;13
3414;0
3415;8
3416;11
3417;50
3418;0
3419;39
3420;3
3421;0
3422;40
3423;55
3424;2
3425;22
3426;17
3427;0
3428;0
3429;7
3430;58
3431;135
3432;1
3433;1
3434;68
3435;114
3436;37
3437;59
3438;110
3439;20
3440;5
3441;0
3442;69
3443;1
3444;0
3445;2
3446;28
3447;42
3448;4
3449;12
3450;2
3451;109
3452;85
3453;3
3454;357
3455;12
3456;55
3457;23
3458;0
3459;6
3460;2
3461;2
3462;61
3463;22
3464;40
3465;20
3466;27
3467;0
3468;2
3469;49
3470;0
3471;27
3472;15
3473;173
3474;146
3475;0
3476;203
3477;1
3478;11
3479;45
3480;7
3481;11
3482;32
3483;0
3484;8
3485;61
3486;23
3487;3
3488;20
3489;21
3490;65
3491;7
3492;52
3493;0
3494;41
3495;10
3496;32
3497;52
3498;85
3499;0
3500;0
3501;814
3502;1
3503;3
3504;0
3505;0
3506;41
3507;25
3508;27
3509;66
3510;24
3511;0
3512;25
3513;3
3514;12
3515;3
3516;13
3517;31
3518;79
3519;20
3520;19
3521;3
3522;119
3523;197
3524;6
3525;24
3526;6
3527;18
3528;33
3529;10
3530;60
3531;6
3532;27
3533;0
3534;0
3535;5
3536;64
3537;128
3538;0
3539;83
3540;1
3541;4
3542;48
3543;11
3544;4
3545;18
3546;80
3547;4
3548;86
3549;32
3550;0
3551;0
3552;84
3553;3
3554;1
3555;18
3556;26
3557;0
3558;5
3559;136
3560;26
3561;28
3562;145
3563;43
3564;17
3565;121
3566;0
3567;323
3568;1
3569;0
3570;48
3571;5
3572;12
3573;28
3574;5
3575;32
3576;235
3577;18
3578;66
3579;30
3580;38
3581;0
3582;18
3583;1
3584;69
3585;223
3586;2
3587;27
3588;20
3589;13
3590;0
3591;7
3592;2
3593;64
3594;489
3595;14
3596;0
3597;31
3598;50
3599;21
3600;254
3601;1
3602;192
3603;4
3604;70
3605;12
3606;3
3607;35
3608;6
3609;7
3610;113
3611;17
3612;32
3613;27
3614;51
3615;1
3616;60
3617;219
3618;171
3619;33
3620;49
3621;10
3622;277
3623;0
3624;3
3625;9
3626;15
3627;11
3628;56
3629;37
3630;0
3631;10
3632;72
3633;23
3634;0
3635;12
3636;13
3637;1
3638;0
3639;487
3640;81
3641;50
3642;12
3643;13
3644;6
3645;36
3646;1
3647;42
3648;0
3649;4
3650;18
3651;4
3652;24
3653;0
3654;57
3655;2
3656;6
3657;48
3658;27
3659;0
3660;114
3661;21
3662;2
3663;177
3664;4
3665;5
3666;52
3667;28
3668;11
3669;0
3670;7
3671;3
3672;15
3673;21
3674;8
3675;20
3676;61
3677;45
3678;36
3679;45
3680;21
3681;1
3682;30
3683;13
3684;32
3685;36
3686;0
3687;67
3688;110
3689;0
3690;10
3691;40
3692;34
3693;0
3694;48
3695;15
3696;37
3697;0
3698;18
3699;5
3700;19
3701;0
3702;48
3703;15
3704;215
3705;1
3706;109
3707;3
3708;2
3709;10
3710;3
3711;48
3712;8
3713;1
3714;459
3715;171
3716;244
3717;29
3718;12
3719;35
3720;0
3721;6
3722;7
3723;60
3724;1
3725;11
3726;0
3727;26
3728;82
3729;101
3730;5
3731;62
3732;0
3733;2
3734;2
3735;2
3736;38
3737;52
3738;24
3739;1
3740;169
3741;3
3742;5
3743;2
3744;2
3745;6
3746;98
3747;0
3748;30
3749;37
3750;19
3751;3
3752;18
3753;0
3754;51
3755;752
3756;67
3757;152
3758;0
3759;40
3760;21
3761;286
3762;1
3763;0
3764;182
3765;23
3766;33
3767;4
3768;355
3769;45
3770;246
3771;112
3772;76
3773;0
3774;2
3775;34
3776;55
3777;0
3778;44
3779;27
3780;21
3781;9
3782;0
3783;23
3784;12
3785;105
3786;14
3787;18
3788;88
3789;35
3790;32
3791;23
3792;65
3793;16
3794;6
3795;5
3796;176
3797;71
3798;3
3799;6
3800;18
3801;49
3802;186
3803;23
3804;7
3805;5
3806;26
3807;1
3808;11
3809;43
3810;22
3811;25
3812;29
3813;2
3814;11
3815;11
3816;69
3817;88
3818;136
3819;0
3820;8
3821;0
3822;57
3823;48
3824;16
3825;21
3826;52
3827;3
3828;3
3829;18
3830;3
3831;65
3832;65
3833;3
3834;77
3835;29
3836;37
3837;34
3838;8
3839;14
3840;1
3841;51
3842;69
3843;10
3844;90
3845;4
3846;43
3847;12
3848;62
3849;18
3850;8
3851;2
3852;89
3853;53
3854;1
3855;0
3856;46
3857;52
3858;23
3859;6
3860;17
3861;6
3862;10
3863;71
3864;6
3865;0
3866;60
3867;61
3868;8
3869;28
3870;49
3871;1
3872;43
3873;11
3874;43
3875;0
3876;0
3877;4
3878;2
3879;90
3880;2
3881;59
3882;7
3883;24
3884;84
3885;23
3886;0
3887;5
3888;23
3889;4
3890;20
3891;211
3892;2
3893;77
3894;1
3895;0
3896;13
3897;115
3898;26
3899;79
3900;79
3901;88
3902;114
3903;0
3904;6
3905;1
3906;11
3907;5
3908;9
3909;41
3910;106
3911;11
3912;5
3913;1
3914;17
3915;19
3916;11
3917;25
3918;0
3919;40
3920;0
3921;14
3922;73
3923;45
3924;6
3925;442
3926;12
3927;26
3928;0
3929;0
3930;64
3931;0
3932;22
3933;15
3934;6
3935;0
3936;92
3937;9
3938;29
3939;8
3940;100
3941;4
3942;5
3943;1
3944;20
3945;28
3946;1
3947;78
3948;58
3949;2
3950;34
3951;3
3952;9
3953;0
3954;1
3955;96
3956;19
3957;226
3958;8
3959;1
3960;98
3961;74
3962;10
3963;15
3964;46
3965;0
3966;33
3967;1
3968;25
3969;56
3970;66
3971;0
3972;0
3973;18
3974;4
3975;11
3976;0
3977;50
3978;3
3979;119
3980;73
3981;21
3982;21
3983;58
3984;25
3985;36
3986;0
3987;8
3988;2
3989;1
3990;13
3991;0
3992;73
3993;17
3994;71
3995;10
3996;3
3997;2
3998;4
3999;0
4000;23
4001;58
4002;6
4003;13
4004;3
4005;6
4006;47
4007;28
4008;2
4009;244
4010;225
4011;25
4012;208
4013;15
4014;0
4015;11
4016;0
4017;7
4018;14
4019;108
4020;62
4021;46
4022;1
4023;0
4024;10
4025;7
4026;5
4027;0
4028;18
4029;99
4030;3
4031;2
4032;2
4033;41
4034;34
4035;139
4036;16
4037;20
4038;47
4039;14
4040;1
4041;4
4042;24
4043;102
4044;15
4045;3
4046;11
4047;48
4048;142
4049;24
4050;9
4051;35
4052;35
4053;39
4054;8
4055;35
4056;4
4057;23
4058;1
4059;13
4060;30
4061;100
4062;47
4063;32
4064;95
4065;12
4066;1
4067;20
4068;2
4069;200
4070;61
4071;25
4072;19
4073;22
4074;16
4075;168
4076;52
4077;42
4078;11
4079;46
4080;27
4081;129
4082;37
4083;141
4084;129
4085;21
4086;7
4087;203
4088;11
4089;108
4090;23
4091;18
4092;74
4093;73
4094;2
4095;13
4096;1
4097;8
4098;17
4099;29
4100;0
4101;0
4102;100
4103;46
4104;1
4105;0
4106;2
4107;61
4108;1
4109;1
4110;59
4111;4
4112;82
4113;0
4114;9
4115;13
4116;171
4117;24
4118;0
4119;12
4120;28
4121;15
4122;87
4123;7
4124;71
4125;29
4126;29
4127;110
4128;3
4129;155
4130;3
4131;3
4132;3
4133;43
4134;0
4135;39
4136;6
4137;3
4138;9
4139;0
4140;0
4141;20
4142;12
4143;0
4144;49
4145;29
4146;0
4147;7
4148;257
4149;13
4150;10
4151;58
4152;21
4153;0
4154;51
4155;9
4156;10
4157;92
4158;111
4159;192
4160;7
4161;0
4162;24
4163;0
4164;30
4165;53
4166;1
4167;0
4168;56
4169;2
4170;8
4171;1
4172;11
4173;223
4174;13
4175;47
4176;30
4177;20
4178;46
4179;4
4180;14
4181;31
4182;0
4183;32
4184;6
4185;157
4186;99
4187;61
4188;34
4189;0
4190;16
4191;18
4192;13
4193;18
4194;8
4195;3
4196;2
4197;34
4198;2
4199;64
4200;8
4201;124
4202;7
4203;31
4204;69
4205;61
4206;82
4207;0
4208;1
4209;175
4210;234
4211;2
4212;2
4213;8
4214;0
4215;80
4216;19
4217;11
4218;4
4219;0
4220;31
4221;4
4222;7
4223;13
4224;0
4225;29
4226;36
4227;0
4228;1
4229;40
4230;18
4231;6
4232;19
4233;17
4234;0
4235;63
4236;78
4237;7
4238;11
4239;33
4240;3
4241;20
4242;33
4243;59
4244;0
4245;23
4246;0
4247;100
4248;59
4249;5
4250;168
4251;71
4252;0
4253;22
4254;3
4255;19
4256;4
4257;16
4258;1
4259;13
4260;8
4261;24
4262;30
4263;16
4264;126
4265;15
4266;40
4267;40
4268;4
4269;26
4270;0
4271;17
4272;0
4273;24
4274;2
4275;33
4276;0
4277;30
4278;18
4279;13
4280;67
4281;52
4282;77
4283;6
4284;1
4285;0
4286;2
4287;6
4288;16
4289;49
4290;29
4291;23
4292;38
4293;4
4294;51
4295;2
4296;58
4297;21
4298;2
4299;5
4300;115
4301;4
4302;14
4303;0
4304;28
4305;7
4306;6
4307;90
4308;2
4309;19
4310;229
4311;41
4312;7
4313;12
4314;198
4315;0
4316;15
4317;17
4318;10
4319;62
4320;8
4321;27
4322;1
4323;164
4324;40
4325;3
4326;0
4327;21
4328;15
4329;0
4330;17
4331;187
4332;29
4333;79
4334;0
4335;118
4336;32
4337;44
4338;1
4339;43
4340;14
4341;18
4342;88
4343;1
4344;196
4345;43
4346;0
4347;4
4348;21
4349;5
4350;45
4351;33
4352;6
4353;1
4354;2
4355;21
4356;3
4357;13
4358;0
4359;10
4360;44
4361;28
4362;1
4363;22
4364;4
4365;9
4366;1
4367;35
4368;152
4369;7
4370;23
4371;1
4372;58
4373;27
4374;6
4375;2
4376;14
4377;95
4378;32
4379;26
4380;11
4381;30
4382;103
4383;13
4384;71
4385;244
4386;53
4387;27
4388;160
4389;214
4390;65
4391;41
4392;21
4393;80
4394;0
4395;13
4396;14
4397;3
4398;165
4399;15
4400;6
4401;31
4402;83
4403;42
4404;8
4405;22
4406;38
4407;0
4408;114
4409;56
4410;57
4411;9
4412;3
4413;2
4414;19
4415;1
4416;133
4417;0
4418;98
4419;28
4420;34
4421;21
4422;120
4423;70
4424;35
4425;3
4426;87
4427;75
4428;0
4429;12
4430;5
4431;55
4432;13
4433;3
4434;49
4435;3
4436;21
4437;86
4438;14
4439;0
4440;53
4441;9
4442;45
4443;1
4444;21
4445;23
4446;29
4447;148
4448;763
4449;0
4450;2
4451;9
4452;2
4453;49
4454;1
4455;25
4456;112
4457;6
4458;0
4459;34
4460;55
4461;0
4462;7
4463;53
4464;59
4465;18
4466;0
4467;3
4468;133
4469;150
4470;78
4471;50
4472;135
4473;0
4474;13
4475;2
4476;30
4477;5
4478;20
4479;2
4480;3
4481;23
4482;0
4483;78
4484;4
4485;3
4486;5
4487;69
4488;19
4489;4
4490;13
4491;21
4492;15
4493;109
4494;1
4495;109
4496;108
4497;1
4498;882
4499;22
4500;60
4501;45
4502;84
4503;3
4504;8
4505;13
4506;19
4507;4
4508;10
4509;4
4510;2
4511;15
4512;9
4513;14
4514;6
4515;0
4516;35
4517;125
4518;7
4519;0
4520;116
4521;0
4522;0
4523;162
4524;147
4525;25
4526;109
4527;25
4528;86
4529;14
4530;14
4531;50
4532;8
4533;12
4534;8
4535;33
4536;166
4537;16
4538;0
4539;3
4540;18
4541;1
4542;153
4543;121
4544;0
4545;18
4546;66
4547;35
4548;35
4549;21
4550;12
4551;13
4552;23
4553;10
4554;10
4555;18
4556;7
4557;2
4558;1
4559;209
4560;0
4561;141
4562;2
4563;0
4564;99
4565;99
4566;45
4567;43
4568;7
4569;17
4570;64
4571;13
4572;2
4573;0
4574;19
4575;0
4576;23
4577;0
4578;19
4579;32
4580;187
4581;8
4582;1
4583;0
4584;0
4585;4
4586;1
4587;0
4588;0
4589;2
4590;158
4591;0
4592;9
4593;4
4594;78
4595;64
4596;42
4597;17
4598;36
4599;14
4600;77
4601;157
4602;0
4603;4
4604;65
4605;43
4606;4
4607;6
4608;6
4609;76
4610;4
4611;104
4612;7
4613;89
4614;67
4615;31
4616;54
4617;104
4618;5
4619;16
4620;83
4621;5
4622;24
4623;4
4624;9
4625;30
4626;0
4627;33
4628;69
4629;38
4630;9
4631;4
4632;3
4633;132
4634;191
4635;73
4636;17
4637;16
4638;9
4639;1
4640;68
4641;53
4642;0
4643;11
4644;19
4645;17
4646;53
4647;14
4648;53
4649;49
4650;129
4651;114
4652;16
4653;23
4654;301
4655;0
4656;0
4657;1
4658;13
4659;24
4660;2
4661;25
4662;11
4663;1
4664;7
4665;1
4666;66
4667;36
4668;63
4669;42
4670;58
4671;5
4672;84
4673;28
4674;0
4675;9
4676;0
4677;1
4678;32
4679;47
4680;51
4681;0
4682;71
4683;0
4684;278
4685;8
4686;22
4687;85
4688;26
4689;21
4690;41
4691;14
4692;86
4693;24
4694;0
4695;3
4696;110
4697;15
4698;0
4699;1
4700;1
4701;3
4702;8
4703;6
4704;7
4705;0
4706;6
4707;23
4708;43
4709;13
4710;36
4711;2
4712;0
4713;0
4714;10
4715;1
4716;0
4717;3
4718;6
4719;20
4720;41
4721;3
4722;0
4723;50
4724;14
4725;29
4726;21
4727;0
4728;57
4729;0
4730;322
4731;19
4732;2
4733;85
4734;34
4735;34
4736;6
4737;42
4738;5
4739;0
4740;13
4741;18
4742;21
4743;6
4744;1
4745;19
4746;31
4747;11
4748;13
4749;11
4750;18
4751;14
4752;0
4753;4
4754;42
4755;80
4756;0
4757;10
4758;121
4759;331
4760;74
4761;26
4762;4
4763;0
4764;34
4765;74
4766;42
4767;69
4768;1
4769;19
4770;7
4771;10
4772;9
4773;6
4774;48
4775;34
4776;147
4777;2
4778;5
4779;73
4780;4
4781;152
4782;45
4783;104
4784;1
4785;8
4786;42
4787;20
4788;58
4789;3
4790;61
4791;4
4792;0
4793;5
4794;11
4795;1
4796;15
4797;116
4798;20
4799;0
4800;0
4801;46
4802;23
4803;1
4804;22
4805;11
4806;1
4807;11
4808;19
4809;26
4810;23
4811;18
4812;18
4813;24
4814;1
4815;15
4816;3
4817;0
4818;24
4819;38
4820;389
4821;2
4822;44
4823;29
4824;21
4825;1
4826;0
4827;79
4828;0
4829;5
4830;6
4831;12
4832;4
4833;87
4834;2
4835;73
4836;1
4837;55
4838;12
4839;34
4840;12
4841;56
4842;3
4843;84
4844;61
4845;229
4846;4
4847;48
4848;34
4849;1
4850;10
4851;98
4852;1
4853;36
4854;0
4855;0
4856;23
4857;3
4858;23
4859;7
4860;53
4861;37
4862;9
4863;46
4864;14
4865;5
4866;23
4867;38
4868;7
4869;12
4870;45
4871;29
4872;23
4873;12
4874;0
4875;130
4876;67
4877;9
4878;0
4879;8
4880;3
4881;8
4882;28
4883;61
4884;16
4885;55
4886;2
4887;26
4888;18
4889;0
4890;102
4891;85
4892;0
4893;16
4894;11
4895;0
4896;39
4897;0
4898;15
4899;56
4900;31
4901;9
4902;1
4903;17
4904;20
4905;16
4906;6
4907;103
4908;29
4909;0
4910;88
4911;61
4912;2
4913;17
4914;121
4915;36
4916;0
4917;92
4918;33
4919;0
4920;0
4921;69
4922;30
4923;16
4924;0
4925;50
4926;95
4927;17
4928;12
4929;39
4930;0
4931;6
4932;21
4933;9
4934;14
4935;11
4936;2
4937;10
4938;4
4939;5
4940;1
4941;197
4942;22
4943;187
4944;1
4945;85
4946;28
4947;8
4948;88
4949;0
4950;156
4951;66
4952;2
4953;60
4954;6
4955;5
4956;44
4957;0
4958;31
4959;45
4960;39
4961;44
4962;75
4963;0
4964;22
4965;12
4966;0
4967;9
4968;55
4969;0
4970;8
4971;51
4972;34
4973;13
4974;62
4975;1
4976;57
4977;166
4978;1
4979;7
4980;45
4981;30
4982;36
4983;18
4984;55
4985;33
4986;25
4987;17
4988;29
4989;66
4990;49
4991;5
4992;172
4993;21
4994;34
4995;33
4996;27
4997;0
4998;88
4999;35
5000;20
5001;92
5002;60
5003;7
5004;5
5005;0
5006;35
5007;0
5008;50
5009;20
5010;169
5011;2
5012;108
5013;17
5014;12
5015;3
5016;28
5017;0
5018;31
5019;349
5020;8
5021;57
5022;45
5023;0
5024;3
5025;36
5026;8
5027;5
5028;86
5029;17
5030;33
5031;0
5032;48
5033;141
5034;26
5035;6
5036;11
5037;1
5038;0
5039;6
5040;244
5041;44
5042;2
5043;1
5044;23
5045;6
5046;3
5047;35
5048;1
5049;68
5050;81
5051;15
5052;37
5053;0
5054;3
5055;58
5056;18
5057;118
5058;76
5059;880
5060;11
5061;20
5062;55
5063;2
5064;5
5065;65
5066;0
5067;23
5068;9
5069;55
5070;165
5071;22
5072;42
5073;6
5074;14
5075;0
5076;14
5077;14
5078;73
5079;20
5080;15
5081;74
5082;21
5083;16
5084;22
5085;20
5086;70
5087;72
5088;66
5089;19
5090;27
5091;169
5092;27
5093;0
5094;16
5095;0
5096;16
5097;2
5098;36
5099;42
5100;7
5101;5
5102;101
5103;24
5104;1
5105;1
5106;72
5107;10
5108;23
5109;30
5110;0
5111;11
5112;1
5113;95
5114;24
5115;15
5116;1
5117;1
5118;1
5119;30
5120;14
5121;57
5122;5
5123;18
5124;61
5125;0
5126;3
5127;0
5128;69
5129;37
5130;28
5131;14
5132;435
5133;57
5134;35
5135;0
5136;1
5137;5
5138;181
5139;22
5140;36
5141;2
5142;25
5143;19
5144;2
5145;5
5146;5
5147;1
5148;118
5149;121
5150;89
5151;6
5152;7
5153;39
5154;7
5155;3
5156;289
5157;13
5158;42
5159;0
5160;100
5161;6
5162;38
5163;9
5164;52
5165;6
5166;23
5167;123
5168;1
5169;34
5170;49
5171;13
5172;31
5173;3
5174;6
5175;3
5176;51
5177;5
5178;70
5179;76
5180;18
5181;26
5182;1
5183;31
5184;9
5185;0
5186;15
5187;75
5188;80
5189;47
5190;1
5191;24
5192;13
5193;45
5194;119
5195;1
5196;5
5197;43
5198;9
5199;23
5200;49
5201;12
5202;79
5203;352
5204;2
5205;7
5206;110
5207;45
5208;19
5209;2
5210;5
5211;22
5212;3
5213;17
5214;7
5215;9
5216;34
5217;113
5218;9
5219;0
5220;383
5221;11
5222;41
5223;3
5224;59
5225;57
5226;74
5227;38
5228;103
5229;0
5230;11
5231;49
5232;62
5233;12
5234;2
5235;8
5236;37
5237;47
5238;15
5239;9
5240;76
5241;0
5242;28
5243;15
5244;0
5245;39
5246;38
5247;12
5248;12
5249;0
5250;12
5251;3
5252;1
5253;3
5254;0
5255;1
5256;22
5257;83
5258;51
5259;0
5260;0
5261;113
5262;704
5263;13
5264;2
5265;4
5266;54
5267;9
5268;66
5269;11
5270;45
5271;320
5272;0
5273;6
5274;25
5275;254
5276;12
5277;16
5278;141
5279;0
5280;12
5281;2
5282;0
5283;9
5284;0
5285;124
5286;29
5287;125
5288;273
5289;5
5290;29
5291;0
5292;32
5293;3
5294;31
5295;28
5296;5
5297;84
5298;0
5299;1
5300;71
5301;2
5302;34
5303;8
5304;10
5305;308
5306;8
5307;68
5308;5
5309;6
5310;0
5311;21
5312;1
5313;10
5314;12
5315;76
5316;27
5317;0
5318;3
5319;75
5320;0
5321;35
5322;3
5323;64
5324;1
5325;9
5326;21
5327;0
5328;0
5329;70
5330;1
5331;50
5332;0
5333;7
5334;125
5335;55
5336;74
5337;28
5338;146
5339;48
5340;21
5341;6
5342;22
5343;16
5344;1
5345;0
5346;152
5347;45
5348;26
5349;185
5350;20
5351;7
5352;84
5353;57
5354;16
5355;5
5356;48
5357;68
5358;30
5359;13
5360;3
5361;40
5362;54
5363;2
5364;38
5365;2
5366;5
5367;26
5368;32
5369;98
5370;9
5371;16
5372;66
5373;0
5374;5
5375;44
5376;30
5377;30
5378;9
5379;1
5380;22
5381;30
5382;67
5383;10
5384;6
5385;28
5386;39
5387;119
5388;10
5389;11
5390;16
5391;0
5392;61
5393;1
5394;6
5395;26
5396;263
5397;33
5398;96
5399;48
5400;24
5401;107
5402;49
5403;67
5404;5
5405;153
5406;5
5407;0
5408;3
5409;52
5410;0
5411;5
5412;105
5413;31
5414;31
5415;69
5416;7
5417;28
5418;0
5419;3
5420;176
5421;21
5422;23
5423;2
5424;1
5425;32
5426;11
5427;91
5428;5
5429;16
5430;173
5431;6
5432;1
5433;289
5434;72
5435;74
5436;33
5437;9
5438;1
5439;70
5440;118
5441;3
5442;89
5443;26
5444;15
5445;3
5446;0
5447;7
5448;117
5449;20
5450;22
5451;0
5452;0
5453;32
5454;51
5455;27
5456;2
5457;7
5458;32
5459;3
5460;8
5461;13
5462;38
5463;7
5464;17
5465;6
5466;11
5467;80
5468;77
5469;38
5470;10
5471;2
5472;46
5473;76
5474;56
5475;135
5476;0
5477;30
5478;0
5479;3
5480;1
5481;136
5482;47
5483;65
5484;68
5485;8
5486;9
5487;90
5488;9
5489;25
5490;508
5491;36
5492;19
5493;17
5494;0
5495;24
5496;16
5497;60
5498;24
5499;0
5500;0
5501;0
5502;1
5503;1
5504;2
5505;21
5506;45
5507;0
5508;223
5509;0
5510;125
5511;24
5512;8
5513;2
5514;35
5515;27
5516;6
5517;9
5518;4
5519;117
5520;11
5521;10
5522;24
5523;1
5524;1
5525;16
5526;5
5527;30
5528;0
5529;22
5530;7
5531;20
5532;2
5533;11
5534;1
5535;1
5536;38
5537;6
5538;10
5539;42
5540;0
5541;46
5542;6
5543;90
5544;0
5545;91
5546;3
5547;8
5548;14
5549;0
5550;24
5551;27
5552;68
5553;12
5554;0
5555;75
5556;9
5557;75
5558;6
5559;141
5560;42
5561;36
5562;57
5563;12
5564;33
5565;7
5566;20
5567;10
5568;28
5569;25
5570;28
5571;0
5572;0
5573;0
5574;84
5575;17
5576;9
5577;14
5578;0
5579;0
5580;12
5581;131
5582;30
5583;6
5584;41
5585;53
5586;4
5587;0
5588;0
5589;0
5590;122
5591;12
5592;15
5593;2
5594;11
5595;13
5596;104
5597;12
5598;17
5599;1
5600;12
5601;29
5602;38
5603;0
5604;0
5605;22
5606;71
5607;5
5608;59
5609;0
5610;14
5611;14
5612;0
5613;45
5614;1
5615;2
5616;22
5617;0
5618;6
5619;16
5620;18
5621;3
5622;16
5623;42
5624;41
5625;2
5626;3
5627;11
5628;19
5629;43
5630;26
5631;1
5632;10
5633;11
5634;55
5635;0
5636;1
5637;46
5638;20
5639;0
5640;21
5641;33
5642;141
5643;20
5644;1
5645;18
5646;44
5647;0
5648;6
5649;14
5650;39
5651;17
5652;26
5653;6
5654;14
5655;55
5656;16
5657;0
5658;0
5659;3
5660;16
5661;11
5662;117
5663;85
5664;0
5665;110
5666;41
5667;20
5668;0
5669;64
5670;4
5671;27
5672;0
5673;0
5674;34
5675;20
5676;58
5677;13
5678;0
5679;52
5680;24
5681;9
5682;0
5683;5
5684;27
5685;15
5686;100
5687;16
5688;35
5689;127
5690;644
5691;3
5692;0
5693;168
5694;0
5695;14
5696;15
5697;1
5698;13
5699;252
5700;32
5701;12
5702;42
5703;23
5704;84
5705;19
5706;0
5707;70
5708;0
5709;150
5710;0
5711;103
5712;34
5713;1
5714;4
5715;2
5716;0
5717;39
5718;0
5719;7
5720;46
5721;31
5722;87
5723;36
5724;7
5725;2
5726;6
5727;5
5728;9
5729;3
5730;24
5731;18
5732;44
5733;85
5734;1
5735;64
5736;21
5737;214
5738;69
5739;20
5740;10
5741;14
5742;36
5743;18
5744;18
5745;27
5746;57
5747;0
5748;2
5749;2
5750;98
5751;49
5752;2
5753;1
5754;3
5755;11
5756;154
5757;7
5758;67
5759;73
5760;1
5761;27
5762;9
5763;10
5764;199
5765;77
5766;0
5767;23
5768;34
5769;12
5770;7
5771;22
5772;48
5773;55
5774;29
5775;3
5776;63
5777;10
5778;6
5779;2
5780;0
5781;5
5782;0
5783;16
5784;23
5785;19
5786;5
5787;85
5788;6
5789;45
5790;32
5791;32
5792;5
5793;76
5794;1
5795;136
5796;49
5797;0
5798;12
5799;25
5800;0
5801;8
5802;0
5803;2
5804;2
5805;66
5806;0
5807;0
5808;8
5809;7
5810;0
5811;0
5812;0
5813;48
5814;57
5815;8
5816;23
5817;17
5818;4
5819;0
5820;15
5821;5
5822;46
5823;9
5824;3
5825;4
5826;114
5827;1
5828;26
5829;0
5830;25
5831;10
5832;22
5833;61
5834;17
5835;1
5836;12
5837;0
5838;44
5839;16
5840;15
5841;0
5842;70
5843;76
5844;4
5845;70
5846;5
5847;41
5848;103
5849;91
5850;26
5851;24
5852;110
5853;22
5854;1
5855;168
5856;6
5857;1
5858;5
5859;1
5860;0
5861;49
5862;149
5863;1
5864;125
5865;49
5866;86
5867;122
5868;0
5869;63
5870;15
5871;31
5872;23
5873;16
5874;3
5875;3
5876;1
5877;134
5878;21
5879;5
5880;60
5881;8
5882;58
5883;3
5884;16
5885;2
5886;11
5887;49
5888;21
5889;35
5890;47
5891;35
5892;12
5893;58
5894;31
5895;13
5896;5
5897;1
5898;152
5899;4
5900;1
5901;10
5902;3
5903;1
5904;15
5905;5
5906;56
5907;28
5908;51
5909;81
5910;23
5911;53
5912;5
5913;199
5914;0
5915;1
5916;40
5917;64
5918;151
5919;0
5920;63
5921;8
5922;2
5923;265
5924;12
5925;117
5926;123
5927;84
5928;14
5929;123
5930;10
5931;0
5932;199
5933;34
5934;112
5935;26
5936;0
5937;0
5938;11
5939;0
5940;12
5941;36
5942;194
5943;7
5944;5
5945;3
5946;34
5947;2
5948;0
5949;1
5950;0
5951;0
5952;10
5953;11
5954;5
5955;30
5956;0
5957;2
5958;118
5959;19
5960;642
5961;72
5962;59
5963;0
5964;6
5965;11
5966;10
5967;2
5968;14
5969;6
5970;170
5971;90
5972;16
5973;22
5974;19
5975;12
5976;38
5977;65
5978;30
5979;8
5980;0
5981;13
5982;31
5983;0
5984;69
5985;29
5986;39
5987;62
5988;52
5989;11
5990;35
5991;7
5992;57
5993;6
5994;6
5995;99
5996;5
5997;20
5998;13
5999;13
6000;112
6001;22
6002;0
6003;104
6004;4
6005;10
6006;50
6007;25
6008;0
6009;34
6010;16
6011;79
6012;64
6013;178
6014;3
6015;107
6016;2
6017;59
6018;34
6019;0
6020;42
6021;40
6022;157
6023;9
6024;26
6025;15
6026;9
6027;174
6028;141
6029;28
6030;8
6031;17
6032;0
6033;28
6034;9
6035;0
6036;2
6037;0
6038;33
6039;49
6040;42
6041;1
6042;233
6043;42
6044;51
6045;26
6046;17
6047;18
6048;99
6049;41
6050;132
6051;17
6052;4
6053;3
6054;9
6055;5
6056;4
6057;0
6058;7
6059;3
6060;5
6061;1
6062;20
6063;0
6064;90
6065;222
6066;3
6067;2
6068;14
6069;2
6070;0
6071;0
6072;8
6073;10
6074;0
6075;20
6076;10
6077;34
6078;11
6079;39
6080;37
6081;0
6082;77
6083;7
6084;0
6085;15
6086;6
6087;12
6088;61
6089;35
6090;175
6091;21
6092;15
6093;1
6094;18
6095;276
6096;11
6097;7
6098;17
6099;35
6100;43
6101;44
6102;24
6103;1
6104;14
6105;81
6106;0
6107;109
6108;6
6109;8
6110;207
6111;8
6112;24
6113;14
6114;0
6115;32
6116;8
6117;51
6118;112
6119;26
6120;11
6121;7
6122;25
6123;9
6124;42
6125;95
6126;13
6127;3
6128;12
6129;194
6130;23
6131;37
6132;17
6133;0
6134;50
6135;14
6136;19
6137;24
6138;34
6139;43
6140;23
6141;8
6142;0
6143;41
6144;12
6145;7
6146;0
6147;3
6148;91
6149;159
6150;31
6151;109
6152;0
6153;2
6154;0
6155;3
6156;0
6157;4
6158;24
6159;30
6160;128
6161;111
6162;54
6163;127
6164;44
6165;10
6166;100
6167;7
6168;251
6169;53
6170;4
6171;48
6172;5
6173;15
6174;3
6175;1
6176;185
6177;49
6178;39
6179;47
6180;4
6181;0
6182;18
6183;4
6184;91
6185;9
6186;40
6187;112
6188;2
6189;8
6190;65
6191;3
6192;251
6193;26
6194;0
6195;25
6196;0
6197;38
6198;104
6199;0
6200;25
6201;27
6202;75
6203;14
6204;31
6205;119
6206;6
6207;46
6208;5
6209;25
6210;36
6211;32
6212;4
6213;154
6214;26
6215;39
6216;0
6217;122
6218;31
6219;1
6220;3
6221;6
6222;2
6223;36
6224;3
6225;8
6226;11
6227;29
6228;45
6229;24
6230;3
6231;15
6232;135
6233;103
6234;39
6235;152
6236;66
6237;9
6238;0
6239;0
6240;0
6241;0
6242;19
6243;11
6244;0
6245;156
6246;3
6247;36
6248;68
6249;18
6250;31
6251;258
6252;0
6253;5
6254;8
6255;1
6256;6
6257;0
6258;72
6259;12
6260;0
6261;6
6262;59
6263;0
6264;2
6265;9
6266;180
6267;1
6268;0
6269;61
6270;2
6271;7
6272;0
6273;1
6274;69
6275;70
6276;5
6277;20
6278;51
6279;1
6280;32
6281;42
6282;43
6283;24
6284;0
6285;11
6286;7
6287;60
6288;0
6289;5
6290;22
6291;25
6292;77
6293;111
6294;56
6295;61
6296;5
6297;11
6298;23
6299;43
6300;47
6301;51
6302;4
6303;3
6304;36
6305;10
6306;8
6307;5
6308;4
6309;70
6310;46
6311;0
6312;6
6313;12
6314;9
6315;29
6316;43
6317;2
6318;2
6319;72
6320;0
6321;7
6322;73
6323;129
6324;118
6325;50
6326;4
6327;0
6328;28
6329;66
6330;14
6331;69
6332;0
6333;0
6334;2
6335;61
6336;182
6337;8
6338;60
6339;9
6340;11
6341;0
6342;52
6343;10
6344;3
6345;1
6346;3
6347;6
6348;82
6349;0
6350;2
6351;11
6352;36
6353;12
6354;94
6355;0
6356;130
6357;10
6358;56
6359;33
6360;0
6361;321
6362;21
6363;102
6364;2
6365;92
6366;18
6367;5
6368;11
6369;0
6370;1
6371;44
6372;0
6373;2
6374;54
6375;8
6376;26
6377;0
6378;1
6379;19
6380;0
6381;21
6382;66
6383;3
6384;11
6385;12
6386;88
6387;16
6388;1
6389;49
6390;101
6391;137
6392;0
6393;40
6394;12
6395;61
6396;76
6397;63
6398;58
6399;4
6400;43
6401;30
6402;10
6403;46
6404;28
6405;17
6406;8
6407;11
6408;29
6409;0
6410;4
6411;0
6412;1
6413;1
6414;11
6415;8
6416;85
6417;55
6418;22
6419;11
6420;15
6421;51
6422;39
6423;73
6424;0
6425;2
6426;3
6427;8
6428;257
6429;0
6430;91
6431;4
6432;129
6433;52
6434;5
6435;2
6436;124
6437;0
6438;0
6439;11
6440;29
6441;6
6442;36
6443;1
6444;16
6445;57
6446;8
6447;5
6448;6
6449;18
6450;30
6451;0
6452;1
6453;34
6454;55
6455;34
6456;16
6457;4
6458;4
6459;5
6460;13
6461;19
6462;0
6463;69
6464;0
6465;1
6466;17
6467;29
6468;86
6469;34
6470;12
6471;131
6472;3
6473;333
6474;14
6475;42
6476;64
6477;152
6478;4
6479;0
6480;665
6481;11
6482;0
6483;0
6484;46
6485;0
6486;16
6487;24
6488;22
6489;21
6490;97
6491;8
6492;4
6493;12
6494;82
6495;48
6496;1
6497;82
6498;52
6499;46
6500;3
6501;1
6502;120
6503;30
6504;98
6505;102
6506;105
6507;2
6508;0
6509;0
6510;0
6511;109
6512;124
6513;52
6514;0
6515;1
6516;29
6517;0
6518;32
6519;1
6520;19
6521;11
6522;34
6523;47
6524;10
6525;49
6526;16
6527;2
6528;58
6529;1
6530;11
6531;91
6532;53
6533;2
6534;4
6535;61
6536;4
6537;59
6538;208
6539;7
6540;9
6541;6
6542;73
6543;0
6544;16
6545;1
6546;0
6547;83
6548;0
6549;41
6550;0
6551;3
6552;52
6553;5
6554;2
6555;20
6556;30
6557;213
6558;23
6559;0
6560;1
6561;21
6562;96
6563;1
6564;20
6565;11
6566;245
6567;33
6568;88
6569;0
6570;9
6571;34
6572;15
6573;1
6574;183
6575;22
6576;13
6577;1
6578;39
6579;6
6580;45
6581;236
6582;33
6583;120
6584;40
6585;1
6586;8
6587;46
6588;0
6589;40
6590;251
6591;2
6592;21
6593;94
6594;29
6595;0
6596;18
6597;18
6598;20
6599;348
6600;10
6601;13
6602;141
6603;3
6604;2
6605;15
6606;33
6607;0
6608;37
6609;57
6610;1
6611;45
6612;21
6613;0
6614;29
6615;25
6616;35
6617;6
6618;0
6619;14
6620;43
6621;32
6622;72
6623;150
6624;0
6625;49
6626;421
6627;1
6628;1
6629;3
6630;141
6631;5
6632;8
6633;0
6634;2
6635;57
6636;7
6637;109
6638;5
6639;5
6640;44
6641;11
6642;12
6643;89
6644;13
6645;142
6646;62
6647;0
6648;1
6649;144
6650;64
6651;0
6652;0
6653;4
6654;7
6655;100
6656;0
6657;6
6658;1
6659;27
6660;29
6661;0
6662;33
6663;4
6664;7
6665;582
6666;0
6667;32
6668;8
6669;132
6670;36
6671;9
6672;4
6673;0
6674;0
6675;188
6676;3
6677;105
6678;8
6679;6
6680;54
6681;21
6682;0
6683;92
6684;7
6685;81
6686;29
6687;0
6688;19
6689;5
6690;13
6691;7
6692;19
6693;272
6694;19
6695;4
6696;0
6697;3
6698;73
6699;13
6700;0
6701;101
6702;4
6703;129
6704;58
6705;28
6706;7
6707;89
6708;15
6709;15
6710;130
6711;11
6712;3
6713;18
6714;27
6715;24
6716;27
6717;0
6718;12
6719;16
6720;32
6721;9
6722;51
6723;68
6724;42
6725;38
6726;66
6727;0
6728;86
6729;23
6730;97
6731;57
6732;2
6733;58
6734;103
6735;1
6736;30
6737;109
6738;29
6739;5
6740;78
6741;311
6742;116
6743;9
6744;62
6745;6
6746;2
6747;25
6748;36
6749;1
6750;0
6751;171
6752;0
6753;13
6754;4
6755;13
6756;1
6757;74
6758;35
6759;1
6760;42
6761;27
6762;2
6763;20
6764;0
6765;10
6766;3
6767;2
6768;27
6769;13
6770;2
6771;2
6772;25
6773;0
6774;20
6775;7
6776;272
6777;2
6778;0
6779;124
6780;18
6781;87
6782;104
6783;9
6784;1
6785;16
6786;24
6787;3
6788;68
6789;16
6790;42
6791;40
6792;23
6793;0
6794;128
6795;27
6796;69
6797;0
6798;47
6799;16
6800;19
6801;24
6802;3
6803;2
6804;9
6805;63
6806;20
6807;1
6808;62
6809;76
6810;10
6811;67
6812;38
6813;21
6814;159
6815;38
6816;20
6817;1
6818;0
6819;70
6820;21
6821;33
6822;12
6823;34
6824;0
6825;46
6826;0
6827;6
6828;7
6829;94
6830;79
6831;2
6832;68
6833;35
6834;5
6835;59
6836;9
6837;20
6838;0
6839;18
6840;21
6841;4
6842;75
6843;115
6844;71
6845;13
6846;1
6847;3
6848;10
6849;49
6850;26
6851;297
6852;241
6853;3
6854;53
6855;42
6856;5
6857;2
6858;12
6859;1
6860;23
6861;3
6862;185
6863;59
6864;22
6865;47
6866;2
6867;32
6868;0
6869;14
6870;1
6871;88
6872;21
6873;5
6874;9
6875;71
6876;33
6877;132
6878;9
6879;12
6880;24
6881;9
6882;35
6883;21
6884;0
6885;9
6886;13
6887;0
6888;43
6889;77
6890;3
6891;18
6892;41
6893;162
6894;0
6895;17
6896;12
6897;32
6898;43
6899;165
6900;5
6901;2
6902;10
6903;24
6904;0
6905;2
6906;0
6907;34
6908;5
6909;39
6910;78
6911;41
6912;1
6913;6
6914;1
6915;77
6916;11
6917;10
6918;23
6919;11
6920;36
6921;43
6922;60
6923;42
6924;20
6925;76
6926;47
6927;0
6928;11
6929;39
6930;19
6931;17
6932;18
6933;33
6934;0
6935;20
6936;49
6937;53
6938;71
6939;9
6940;26
6941;0
6942;24
6943;27
6944;15
6945;20
6946;51
6947;12
6948;12
6949;8
6950;49
6951;100
6952;0
6953;0
6954;1
6955;7
6956;22
6957;27
6958;123
6959;18
6960;0
6961;14
6962;19
6963;8
6964;17
6965;49
6966;77
6967;16
6968;51
6969;19
6970;14
6971;21
6972;2
6973;3
6974;9
6975;60
6976;95
6977;2
6978;12
6979;0
6980;0
6981;12
6982;59
6983;32
6984;6
6985;34
6986;84
6987;1
6988;47
6989;35
6990;70
6991;0
6992;0
6993;5
6994;19
6995;6
6996;15
6997;216
6998;18
6999;54
7000;7
7001;2
7002;0
7003;22
7004;17
7005;0
7006;3
7007;17
7008;0
7009;6
7010;23
7011;48
7012;1
7013;31
7014;70
7015;4
7016;10
7017;7
7018;9
7019;33
7020;0
7021;2
7022;46
7023;0
7024;59
7025;20
7026;1
7027;67
7028;77
7029;0
7030;12
7031;50
7032;73
7033;31
7034;18
7035;0
7036;55
7037;39
7038;16
7039;14
7040;9
7041;3
7042;39
7043;10
7044;35
7045;56
7046;9
7047;9
7048;33
7049;52
7050;33
7051;21
7052;14
7053;21
7054;92
7055;114
7056;2
7057;0
7058;31
7059;31
7060;36
7061;5
7062;2
7063;0
7064;1
7065;180
7066;0
7067;32
7068;27
7069;4
7070;1
7071;35
7072;31
7073;274
7074;0
7075;40
7076;188
7077;60
7078;19
7079;20
7080;3
7081;6
7082;4
7083;3
7084;1
7085;55
7086;16
7087;82
7088;81
7089;24
7090;5
7091;237
7092;84
7093;6
7094;10
7095;0
7096;24
7097;40
7098;54
7099;17
7100;2
7101;14
7102;99
7103;3
7104;4
7105;42
7106;0
7107;0
7108;39
7109;21
7110;0
7111;3
7112;34
7113;137
7114;0
7115;42
7116;262
7117;8
7118;1
7119;3
7120;14
7121;46
7122;0
7123;0
7124;44
7125;47
7126;25
7127;41
7128;0
7129;19
7130;2
7131;19
7132;1
7133;126
7134;8
7135;15
7136;0
7137;32
7138;9
7139;29
7140;24
7141;28
7142;5
7143;0
7144;86
7145;1
7146;8
7147;59
7148;28
7149;122
7150;32
7151;4
7152;0
7153;15
7154;27
7155;5
7156;2
7157;10
7158;58
7159;1
7160;23
7161;35
7162;48
7163;99
7164;14
7165;8
7166;0
7167;0
7168;0
7169;4
7170;51
7171;137
7172;7
7173;50
7174;0
7175;69
7176;200
7177;5
7178;4
7179;16
7180;87
7181;8
7182;124
7183;35
7184;28
7185;65
7186;148
7187;0
7188;3
7189;4
7190;50
7191;17
7192;0
7193;53
7194;82
7195;31
7196;2
7197;6
7198;165
7199;0
7200;12
7201;30
7202;65
7203;7
7204;4
7205;93
7206;0
7207;73
7208;35
7209;10
7210;3
7211;56
7212;27
7213;12
7214;64
7215;106
7216;0
7217;6
7218;2
7219;28
7220;99
7221;88
7222;11
7223;3
7224;188
7225;22
7226;68
7227;27
7228;153
7229;1
7230;27
7231;6
7232;9
7233;0
7234;2
7235;0
7236;67
7237;101
7238;4
7239;10
7240;4
7241;94
7242;7
7243;48
7244;77
7245;42
7246;11
7247;11
7248;90
7249;320
7250;209
7251;20
7252;24
7253;25
7254;7
7255;75
7256;18
7257;0
7258;18
7259;0
7260;166
7261;44
7262;1
7263;0
7264;1
7265;0
7266;27
7267;1
7268;32
7269;19
7270;147
7271;13
7272;0
7273;192
7274;2
7275;11
7276;11
7277;1
7278;33
7279;33
7280;4
7281;0
7282;101
7283;148
7284;42
7285;133
7286;32
7287;166
7288;0
7289;68
7290;0
7291;18
7292;28
7293;5
7294;20
7295;193
7296;98
7297;3
7298;0
7299;27
7300;5
7301;6
7302;47
7303;19
7304;1
7305;372
7306;46
7307;4
7308;147
7309;3
7310;26
7311;29
7312;44
7313;103
7314;12
7315;32
7316;35
7317;40
7318;170
7319;47
7320;10
7321;33
7322;12
7323;2
7324;0
7325;4
7326;60
7327;11
7328;8
7329;92
7330;42
7331;10
7332;65
7333;44
7334;3
7335;201
7336;26
7337;11
7338;47
7339;23
7340;17
7341;7
7342;74
7343;37
7344;4
7345;19
7346;0
7347;13
7348;1
7349;43
7350;0
7351;0
7352;0
7353;33
7354;47
7355;7
7356;49
7357;148
7358;7
7359;0
7360;25
7361;13
7362;39
7363;32
7364;4
7365;5
7366;0
7367;6
7368;0
7369;32
7370;36
7371;39
7372;2
7373;8
7374;75
7375;63
7376;7
7377;3
7378;4
7379;41
7380;269
7381;37
7382;9
7383;16
7384;6
7385;27
7386;11
7387;19
7388;0
7389;2
7390;16
7391;6
7392;8
7393;3
7394;3
7395;22
7396;111
7397;123
7398;2
7399;0
7400;68
7401;22
7402;0
7403;40
7404;20
7405;84
7406;14
7407;5
7408;0
7409;31
7410;12
7411;179
7412;22
7413;5
7414;45
7415;0
7416;6
7417;81
7418;95
7419;21
7420;38
7421;67
7422;75
7423;18
7424;0
7425;19
7426;36
7427;0
7428;14
7429;31
7430;125
7431;51
7432;78
7433;8
7434;54
7435;19
7436;31
7437;9
7438;39
7439;89
7440;2
7441;14
7442;16
7443;7
7444;54
7445;20
7446;13
7447;103
7448;17
7449;8
7450;11
7451;2
7452;9
7453;46
7454;6
7455;33
7456;1
7457;17
7458;56
7459;0
7460;1
7461;46
7462;5
7463;10
7464;23
7465;98
7466;2
7467;4
7468;3
7469;22
7470;198
7471;14
7472;23
7473;36
7474;87
7475;34
7476;7
7477;65
7478;3
7479;88
7480;0
7481;29
7482;97
7483;128
7484;21
7485;0
7486;9
7487;68
7488;14
7489;31
7490;179
7491;139
7492;5
7493;16
7494;4
7495;1
7496;143
7497;0
7498;80
7499;2
7500;27
7501;19
7502;5
7503;40
7504;8
7505;0
7506;19
7507;6
7508;26
7509;61
7510;25
7511;3
7512;51
7513;0
7514;8
7515;79
7516;2
7517;2
7518;207
7519;49
7520;0
7521;106
7522;9
7523;75
7524;1
7525;6
7526;36
7527;21
7528;51
7529;1
7530;11
7531;9
7532;107
7533;2
7534;19
7535;1
7536;19
7537;23
7538;23
7539;12
7540;2
7541;131
7542;12
7543;0
7544;7
7545;9
7546;25
7547;12
7548;54
7549;22
7550;4
7551;6
7552;19
7553;0
7554;18
7555;190
7556;58
7557;39
7558;20
7559;71
7560;36
7561;868
7562;71
7563;25
7564;6
7565;5
7566;68
7567;4
7568;78
7569;77
7570;0
7571;27
7572;15
7573;1
7574;18
7575;66
7576;110
7577;23
7578;1
7579;360
7580;60
7581;30
7582;44
7583;155
7584;69
7585;451
7586;0
7587;15
7588;17
7589;7
7590;4
7591;2
7592;72
7593;1
7594;34
7595;3
7596;10
7597;66
7598;4
7599;48
7600;61
7601;387
7602;79
7603;79
7604;211
7605;32
7606;21
7607;0
7608;8
7609;2
7610;1
7611;7
7612;6
7613;0
7614;13
7615;0
7616;1
7617;9
7618;2
7619;1
7620;26
7621;65
7622;24
7623;19
7624;8
7625;11
7626;7
7627;33
7628;2
7629;15
7630;73
7631;2
7632;23
7633;10
7634;0
7635;3
7636;40
7637;31
7638;8
7639;72
7640;32
7641;0
7642;0
7643;57
7644;32
7645;6
7646;17
7647;95
7648;56
7649;3
7650;3
7651;34
7652;42
7653;22
7654;15
7655;1
7656;23
7657;29
7658;2
7659;27
7660;15
7661;0
7662;9
7663;133
7664;0
7665;46
7666;12
7667;0
7668;89
7669;0
7670;235
7671;15
7672;25
7673;50
7674;23
7675;48
7676;38
7677;145
7678;1
7679;11
7680;6
7681;2
7682;0
7683;8
7684;81
7685;17
7686;6
7687;33
7688;1
7689;31
7690;14
7691;44
7692;7
7693;126
7694;30
7695;9
7696;6
7697;151
7698;77
7699;0
7700;4
7701;46
7702;3
7703;29
7704;31
7705;15
7706;1
7707;19
7708;268
7709;12
7710;3
7711;0
7712;28
7713;17
7714;5
7715;47
7716;7
7717;10
7718;0
7719;0
7720;3
7721;57
7722;62
7723;72
7724;5
7725;2
7726;51
7727;35
7728;14
7729;21
7730;15
7731;37
7732;2
7733;81
7734;46
7735;55
7736;37
7737;42
7738;8
7739;106
7740;46
7741;0
7742;41
7743;1
7744;18
7745;6
7746;2
7747;612
7748;55
7749;47
7750;2
7751;41
7752;39
7753;55
7754;69
7755;2
7756;2
7757;45
7758;22
7759;123
7760;16
7761;2
7762;3
7763;0
7764;9
7765;83
7766;50
7767;32
7768;6
7769;52
7770;0
7771;11
7772;26
7773;12
7774;82
7775;248
7776;17
7777;145
7778;0
7779;241
7780;47
7781;47
7782;4
7783;36
7784;41
7785;137
7786;0
7787;0
7788;3
7789;18
7790;20
7791;0
7792;111
7793;2
7794;42
7795;11
7796;50
7797;33
7798;57
7799;10
7800;7
7801;6
7802;14
7803;51
7804;30
7805;15
7806;27
7807;11
7808;59
7809;102
7810;28
7811;75
7812;3
7813;89
7814;3
7815;12
7816;5
7817;31
7818;89
7819;19
7820;9
7821;139
7822;0
7823;99
7824;109
7825;1
7826;21
7827;37
7828;6
7829;35
7830;54
7831;4
7832;0
7833;76
7834;26
7835;2
7836;26
7837;87
7838;0
7839;62
7840;0
7841;96
7842;368
7843;17
7844;39
7845;243
7846;68
7847;0
7848;14
7849;9
7850;31
7851;7
7852;41
7853;18
7854;119
7855;0
7856;10
7857;10
7858;11
7859;71
7860;15
7861;148
7862;28
7863;41
7864;68
7865;11
7866;12
7867;78
7868;57
7869;3
7870;31
7871;10
7872;27
7873;17
7874;83
7875;9
7876;38
7877;1
7878;6
7879;22
7880;57
7881;0
7882;4
7883;21
7884;13
7885;158
7886;23
7887;4
7888;53
7889;139
7890;21
7891;9
7892;18
7893;282
7894;11
7895;16
7896;138
7897;50
7898;0
7899;83
7900;3
7901;32
7902;11
7903;74
7904;20
7905;211
7906;10
7907;5
7908;2
7909;5
7910;113
7911;39
7912;28
7913;23
7914;3
7915;79
7916;22
7917;1
7918;3
7919;1
7920;3
7921;62
7922;3
7923;24
7924;26
7925;0
7926;18
7927;5
7928;57
7929;4
7930;19
7931;0
7932;14
7933;4
7934;16
7935;20
7936;5
7937;0
7938;5
7939;33
7940;28
7941;13
7942;9
7943;129
7944;9
7945;20
7946;15
7947;0
7948;0
7949;117
7950;757
7951;23
7952;11
7953;0
7954;8
7955;41
7956;116
7957;32
7958;1
7959;39
7960;10
7961;32
7962;97
7963;29
7964;1
7965;15
7966;1
7967;272
7968;12
7969;32
7970;7
7971;20
7972;79
7973;0
7974;3
7975;71
7976;0
7977;5
7978;7
7979;11
7980;8
7981;13
7982;146
7983;160
7984;10
7985;1
7986;6
7987;7
7988;13
7989;0
7990;6
7991;9
7992;33
7993;15
7994;31
7995;0
7996;26
7997;40
7998;82
7999;31
8000;15
8001;19
8002;46
8003;20
8004;102
8005;10
8006;1
8007;13
8008;1
8009;0
8010;0
8011;0
8012;3
8013;2
8014;4
8015;4
8016;5
8017;62
8018;80
8019;11
8020;3
8021;14
8022;37
8023;69
8024;5
8025;73
8026;0
8027;153
8028;87
8029;5
8030;177
8031;1
8032;16
8033;0
8034;94
8035;11
8036;63
8037;17
8038;34
8039;17
8040;2
8041;23
8042;26
8043;17
8044;5
8045;65
8046;1
8047;2
8048;0
8049;26
8050;0
8051;53
8052;31
8053;11
8054;8
8055;10
8056;1
8057;4
8058;45
8059;2
8060;0
8061;25
8062;34
8063;0
8064;2
8065;2
8066;10
8067;0
8068;53
8069;96
8070;6
8071;23
8072;4
8073;19
8074;24
8075;22
8076;2
8077;0
8078;8
8079;5
8080;39
8081;1
8082;21
8083;6
8084;1
8085;7
8086;0
8087;6
8088;76
8089;4
8090;11
8091;4
8092;3
8093;7
8094;76
8095;222
8096;53
8097;32
8098;253
8099;19
8100;37
8101;10
8102;168
8103;2
8104;123
8105;0
8106;196
8107;77
8108;105
8109;12
8110;9
8111;3
8112;80
8113;5
8114;24
8115;6
8116;12
8117;3
8118;12
8119;45
8120;29
8121;33
8122;21
8123;0
8124;4
8125;91
8126;37
8127;5
8128;4
8129;0
8130;9
8131;12
8132;34
8133;159
8134;0
8135;84
8136;0
8137;13
8138;31
8139;7
8140;9
8141;154
8142;4
8143;19
8144;30
8145;89
8146;100
8147;0
8148;72
8149;93
8150;3
8151;0
8152;46
8153;7
8154;98
8155;30
8156;35
8157;7
8158;165
8159;47
8160;7
8161;23
8162;5
8163;7
8164;51
8165;2
8166;11
8167;1
8168;8
8169;87
8170;2
8171;18
8172;79
8173;12
8174;0
8175;150
8176;12
8177;8
8178;12
8179;11
8180;69
8181;4
8182;87
8183;0
8184;7
8185;8
8186;33
8187;95
8188;1
8189;1
8190;2
8191;7
8192;16
8193;21
8194;22
8195;70
8196;2
8197;94
8198;3
8199;20
8200;16
8201;3
8202;2
8203;82
8204;36
8205;0
8206;1
8207;11
8208;1
8209;0
8210;133
8211;37
8212;393
8213;14
8214;10
8215;13
8216;23
8217;77
8218;60
8219;6
8220;0
8221;55
8222;128
8223;42
8224;0
8225;9
8226;1
8227;1
8228;1
8229;84
8230;2
8231;33
8232;13
8233;14
8234;12
8235;0
8236;54
8237;1
8238;38
8239;0
8240;3
8241;60
8242;19
8243;42
8244;9
8245;34
8246;241
8247;0
8248;30
8249;1
8250;12
8251;0
8252;74
8253;21
8254;208
8255;0
8256;43
8257;75
8258;4
8259;65
8260;4
8261;36
8262;7
8263;24
8264;54
8265;293
8266;19
8267;0
8268;67
8269;95
8270;18
8271;189
8272;55
8273;94
8274;3
8275;3
8276;44
8277;8
8278;0
8279;43
8280;66
8281;101
8282;79
8283;11
8284;7
8285;0
8286;6
8287;45
8288;0
8289;68
8290;11
8291;0
8292;46
8293;38
8294;0
8295;17
8296;4
8297;16
8298;0
8299;12
8300;7
8301;89
8302;0
8303;62
8304;31
8305;1
8306;6
8307;23
8308;23
8309;25
8310;9
8311;0
8312;10
8313;1
8314;1
8315;140
8316;73
8317;6
8318;20
8319;17
8320;5
8321;16
8322;45
8323;7
8324;34
8325;95
8326;21
8327;15
8328;7
8329;1
8330;15
8331;20
8332;6
8333;20
8334;1
8335;61
8336;97
8337;8
8338;3
8339;0
8340;78
8341;0
8342;15
8343;3
8344;2
8345;10
8346;44
8347;61
8348;24
8349;29
8350;13
8351;92
8352;341
8353;1
8354;0
8355;226
8356;42
8357;12
8358;16
8359;3
8360;11
8361;5
8362;86
8363;188
8364;33
8365;50
8366;26
8367;18
8368;26
8369;0
8370;14
8371;211
8372;0
8373;9
8374;15
8375;14
8376;3
8377;12
8378;15
8379;59
8380;0
8381;44
8382;15
8383;42
8384;16
8385;0
8386;15
8387;56
8388;8
8389;60
8390;1
8391;6
8392;9
8393;10
8394;61
8395;20
8396;11
8397;15
8398;33
8399;0
8400;140
8401;106
8402;59
8403;19
8404;5
8405;4
8406;24
8407;119
8408;0
8409;1
8410;0
8411;42
8412;64
8413;32
8414;0
8415;2
8416;80
8417;17
8418;27
8419;4
8420;194
8421;6
8422;19
8423;45
8424;51
8425;38
8426;130
8427;1
8428;12
8429;38
8430;26
8431;15
8432;17
8433;111
8434;2
8435;49
8436;29
8437;12
8438;28
8439;0
8440;7
8441;0
8442;279
8443;4
8444;3
8445;67
8446;134
8447;9
8448;71
8449;26
8450;18
8451;17
8452;54
8453;0
8454;16
8455;15
8456;4
8457;34
8458;3
8459;112
8460;5
8461;34
8462;27
8463;13
8464;40
8465;19
8466;134
8467;35
8468;20
8469;3
8470;2
8471;5
8472;6
8473;13
8474;0
8475;30
8476;23
8477;67
8478;4
8479;2
8480;1
8481;12
8482;1
8483;36
8484;24
8485;3
8486;26
8487;23
8488;2
8489;7
8490;74
8491;138
8492;14
8493;26
8494;2
8495;9
8496;2
8497;0
8498;47
8499;8
8500;7
8501;45
8502;39
8503;0
8504;25
8505;33
8506;44
8507;0
8508;0
8509;241
8510;57
8511;0
8512;26
8513;11
8514;0
8515;76
8516;68
8517;54
8518;67
8519;213
8520;1
8521;5
8522;12
8523;17
8524;41
8525;15
8526;10
8527;7
8528;20
8529;0
8530;24
8531;54
8532;28
8533;0
8534;1
8535;83
8536;34
8537;24
8538;2
8539;0
8540;67
8541;23
8542;30
8543;165
8544;6
8545;45
8546;12
8547;19
8548;12
8549;0
8550;229
8551;1
8552;51
8553;19
8554;3
8555;2
8556;6
8557;58
8558;0
8559;12
8560;0
8561;45
8562;0
8563;116
8564;22
8565;71
8566;11
8567;45
8568;6
8569;121
8570;39
8571;17
8572;37
8573;18
8574;212
8575;108
8576;0
8577;2
8578;6
8579;53
8580;26
8581;65
8582;8
8583;19
8584;0
8585;111
8586;14
8587;0
8588;13
8589;48
8590;9
8591;7
8592;2
8593;1
8594;2
8595;28
8596;40
8597;4
8598;0
8599;0
8600;42
8601;27
8602;28
8603;105
8604;0
8605;19
8606;27
8607;88
8608;6
8609;0
8610;192
8611;24
8612;0
8613;16
8614;5
8615;1
8616;147
8617;14
8618;366
8619;70
8620;10
8621;34
8622;88
8623;66
8624;47
8625;75
8626;8
8627;54
8628;40
8629;24
8630;6
8631;19
8632;6
8633;27
8634;214
8635;8
8636;4
8637;2
8638;11
8639;43
8640;7
8641;7
8642;140
8643;0
8644;10
8645;45
8646;123
8647;9
8648;1
8649;75
8650;37
8651;98
8652;4
8653;31
8654;0
8655;25
8656;52
8657;19
8658;114
8659;11
8660;0
8661;46
8662;10
8663;31
8664;0
8665;3
8666;120
8667;36
8668;285
8669;155
8670;168
8671;17
8672;5
8673;36
8674;15
8675;6
8676;0
8677;56
8678;138
8679;73
8680;2
8681;4
8682;24
8683;13
8684;3
8685;37
8686;4
8687;0
8688;0
8689;2
8690;28
8691;21
8692;3
8693;14
8694;32
8695;0
8696;5
8697;12
8698;74
8699;0
8700;31
8701;157
8702;10
8703;3
8704;101
8705;1
8706;40
8707;0
8708;59
8709;0
8710;63
8711;4
8712;4
8713;43
8714;77
8715;35
8716;65
8717;2
8718;56
8719;50
8720;13
8721;7
8722;20
8723;38
8724;49
8725;0
8726;2
8727;4
8728;155
8729;165
8730;0
8731;38
8732;3
8733;7
8734;20
8735;0
8736;18
8737;22
8738;102
8739;78
8740;27
8741;12
8742;91
8743;14
8744;14
8745;46
8746;129
8747;0
8748;206
8749;31
8750;0
8751;256
8752;0
8753;21
8754;22
8755;7
8756;28
8757;31
8758;47
8759;25
8760;7
8761;3
8762;31
8763;9
8764;1
8765;4
8766;3
8767;64
8768;0
8769;47
8770;19
8771;10
8772;20
8773;0
8774;44
8775;30
8776;8
8777;39
8778;0
8779;7
8780;7
8781;10
8782;1
8783;0
8784;8
8785;40
8786;241
8787;15
8788;5
8789;51
8790;7
8791;4
8792;18
8793;185
8794;1
8795;63
8796;113
8797;13
8798;1
8799;2
8800;84
8801;5
8802;16
8803;10
8804;8
8805;23
8806;67
8807;18
8808;4
8809;33
8810;16
8811;71
8812;4
8813;18
8814;134
8815;0
8816;85
8817;36
8818;74
8819;38
8820;38
8821;125
8822;60
8823;25
8824;4
8825;52
8826;15
8827;4
8828;12
8829;0
8830;21
8831;187
8832;1
8833;0
8834;16
8835;111
8836;66
8837;2
8838;33
8839;294
8840;29
8841;5
8842;53
8843;26
8844;0
8845;1
8846;20
8847;18
8848;2
8849;11
8850;1
8851;43
8852;6
8853;205
8854;3
8855;18
8856;19
8857;0
8858;25
8859;39
8860;33
8861;64
8862;39
8863;8
8864;10
8865;14
8866;18
8867;1
8868;32
8869;12
8870;72
8871;135
8872;671
8873;23
8874;24
8875;39
8876;17
8877;62
8878;23
8879;0
8880;1
8881;423
8882;63
8883;1
8884;21
8885;0
8886;2
8887;166
8888;11
8889;71
8890;2
8891;14
8892;12
8893;34
8894;27
8895;4
8896;114
8897;11
8898;55
8899;19
8900;3
8901;39
8902;69
8903;36
8904;3
8905;24
8906;405
8907;29
8908;37
8909;9
8910;0
8911;12
8912;20
8913;54
8914;44
8915;62
8916;33
8917;0
8918;40
8919;24
8920;177
8921;53
8922;35
8923;118
8924;38
8925;39
8926;25
8927;0
8928;102
8929;3
8930;0
8931;3
8932;24
8933;11
8934;80
8935;53
8936;46
8937;25
8938;57
8939;1
8940;44
8941;13
8942;64
8943;67
8944;6
8945;18
8946;34
8947;10
8948;26
8949;28
8950;25
8951;51
8952;24
8953;1
8954;6
8955;1
8956;0
8957;14
8958;7
8959;7
8960;29
8961;2
8962;94
8963;40
8964;99
8965;1
8966;30
8967;1
8968;350
8969;22
8970;24
8971;53
8972;13
8973;27
8974;14
8975;12
8976;89
8977;37
8978;8
8979;0
8980;0
8981;48
8982;0
8983;55
8984;11
8985;1
8986;3
8987;0
8988;5
8989;292
8990;41
8991;26
8992;42
8993;3
8994;12
8995;68
8996;3
8997;8
8998;60
8999;10
9000;88
9001;0
9002;20
9003;192
9004;1
9005;0
9006;88
9007;23
9008;1
9009;7
9010;10
9011;43
9012;37
9013;20
9014;9
9015;33
9016;4
9017;63
9018;0
9019;0
9020;0
9021;16
9022;3
9023;35
9024;5
9025;0
9026;1
9027;32
9028;20
9029;22
9030;35
9031;22
9032;153
9033;55
9034;13
9035;71
9036;37
9037;18
9038;14
9039;1
9040;10
9041;61
9042;1
9043;4
9044;22
9045;0
9046;21
9047;57
9048;10
9049;26
9050;26
9051;23
9052;3
9053;125
9054;74
9055;0
9056;19
9057;3
9058;0
9059;82
9060;37
9061;18
9062;72
9063;4
9064;20
9065;71
9066;127
9067;7
9068;6
9069;7
9070;38
9071;1
9072;19
9073;0
9074;0
9075;1
9076;6
9077;133
9078;36
9079;35
9080;29
9081;0
9082;4
9083;1
9084;17
9085;13
9086;21
9087;102
9088;72
9089;28
9090;5
9091;50
9092;34
9093;24
9094;24
9095;1
9096;92
9097;2
9098;0
9099;5
9100;4
9101;12
9102;52
9103;38
9104;133
9105;80
9106;8
9107;54
9108;54
9109;26
9110;7
9111;4
9112;322
9113;5
9114;13
9115;15
9116;3
9117;57
9118;49
9119;0
9120;15
9121;4
9122;114
9123;10
9124;72
9125;24
9126;26
9127;0
9128;38
9129;0
9130;78
9131;0
9132;29
9133;35
9134;0
9135;134
9136;1
9137;68
9138;47
9139;42
9140;24
9141;52
9142;52
9143;48
9144;15
9145;0
9146;34
9147;3
9148;14
9149;20
9150;41
9151;21
9152;6
9153;2
9154;12
9155;207
9156;9
9157;126
9158;0
9159;0
9160;1
9161;0
9162;40
9163;3
9164;20
9165;53
9166;28
9167;0
9168;1
9169;116
9170;0
9171;0
9172;0
9173;15
9174;3
9175;5
9176;13
9177;20
9178;15
9179;2
9180;26
9181;51
9182;0
9183;46
9184;0
9185;0
9186;27
9187;31
9188;0
9189;3
9190;0
9191;53
9192;0
9193;211
9194;29
9195;0
9196;1
9197;27
9198;0
9199;46
9200;74
9201;0
9202;11
9203;4
9204;1
9205;31
9206;18
9207;14
9208;7
9209;183
9210;18
9211;44
9212;1
9213;17
9214;20
9215;12
9216;0
9217;43
9218;22
9219;76
9220;8
9221;14
9222;47
9223;145
9224;0
9225;17
9226;218
9227;21
9228;53
9229;29
9230;2
9231;27
9232;79
9233;0
9234;30
9235;12
9236;0
9237;32
9238;175
9239;14
9240;55
9241;32
9242;15
9243;22
9244;7
9245;29
9246;0
9247;0
9248;47
9249;23
9250;23
9251;18
9252;72
9253;38
9254;0
9255;138
9256;195
9257;7
9258;85
9259;5
9260;4
9261;0
9262;2
9263;10
9264;21
9265;11
9266;22
9267;0
9268;40
9269;7
9270;93
9271;4
9272;70
9273;4
9274;0
9275;0
9276;1
9277;26
9278;10
9279;159
9280;0
9281;29
9282;2
9283;0
9284;12
9285;6
9286;9
9287;40
9288;7
9289;0
9290;2
9291;92
9292;2
9293;5
9294;53
9295;56
9296;6
9297;21
9298;168
9299;0
9300;46
9301;1
9302;28
9303;39
9304;52
9305;26
9306;18
9307;0
9308;1
9309;9
9310;2
9311;67
9312;1
9313;0
9314;4
9315;8
9316;5
9317;5
9318;160
9319;26
9320;0
9321;63
9322;40
9323;215
9324;4
9325;62
9326;37
9327;83
9328;56
9329;44
9330;7
9331;12
9332;12
9333;67
9334;26
9335;13
9336;14
9337;4
9338;22
9339;1
9340;2
9341;2
9342;27
9343;66
9344;8
9345;45
9346;167
9347;0
9348;30
9349;9
9350;10
9351;62
9352;138
9353;27
9354;3
9355;0
9356;56
9357;13
9358;13
9359;11
9360;43
9361;320
9362;1
9363;206
9364;21
9365;18
9366;63
9367;0
9368;19
9369;13
9370;23
9371;40
9372;57
9373;26
9374;24
9375;103
9376;107
9377;5
9378;30
9379;250
9380;0
9381;0
9382;21
9383;1
9384;50
9385;119
9386;5
9387;5
9388;41
9389;23
9390;51
9391;2
9392;8
9393;1
9394;10
9395;7
9396;6
9397;35
9398;152
9399;18
9400;67
9401;571
9402;0
9403;168
9404;147
9405;38
9406;163
9407;56
9408;0
9409;14
9410;37
9411;8
9412;7
9413;73
9414;12
9415;5
9416;119
9417;30
9418;0
9419;29
9420;0
9421;3
9422;1
9423;73
9424;30
9425;52
9426;35
9427;3
9428;0
9429;24
9430;3
9431;124
9432;18
9433;46
9434;52
9435;12
9436;3
9437;5
9438;44
9439;90
9440;44
9441;0
9442;2
9443;0
9444;1
9445;0
9446;0
9447;27
9448;48
9449;2
9450;37
9451;7
9452;17
9453;105
9454;61
9455;0
9456;16
9457;71
9458;38
9459;81
9460;1
9461;136
9462;52
9463;3
9464;50
9465;2
9466;112
9467;3
9468;60
9469;60
9470;0
9471;1
9472;16
9473;45
9474;30
9475;81
9476;100
9477;58
9478;3
9479;15
9480;7
9481;60
9482;3
9483;45
9484;27
9485;111
9486;3
9487;28
9488;36
9489;44
9490;8
9491;1
9492;0
9493;36
9494;60
9495;10
9496;23
9497;2
9498;42
9499;85
9500;32
9501;6
9502;36
9503;5
9504;42
9505;52
9506;7
9507;0
9508;54
9509;7
9510;0
9511;5
9512;20
9513;7
9514;157
9515;195
9516;1
9517;38
9518;3
9519;77
9520;69
9521;12
9522;1
9523;44
9524;21
9525;5
9526;7
9527;164
9528;7
9529;94
9530;2
9531;25
9532;17
9533;10
9534;1
9535;19
9536;167
9537;74
9538;54
9539;24
9540;3
9541;284
9542;65
9543;0
9544;2
9545;2
9546;3
9547;70
9548;1
9549;21
9550;31
9551;5
9552;15
9553;3
9554;1
9555;1
9556;79
9557;8
9558;73
9559;41
9560;77
9561;0
9562;23
9563;39
9564;42
9565;0
9566;21
9567;7
9568;100
9569;29
9570;36
9571;18
9572;7
9573;15
9574;40
9575;51
9576;36
9577;0
9578;0
9579;29
9580;57
9581;1
9582;26
9583;114
9584;9
9585;0
9586;9
9587;7
9588;6
9589;15
9590;0
9591;10
9592;0
9593;326
9594;92
9595;66
9596;10
9597;0
9598;185
9599;2
9600;2
9601;11
9602;19
9603;9
9604;0
9605;1
9606;27
9607;0
9608;46
9609;62
9610;52
9611;273
9612;18
9613;16
9614;28
9615;49
9616;51
9617;11
9618;5
9619;6
9620;0
9621;82
9622;16
9623;0
9624;36
9625;77
9626;73
9627;46
9628;18
9629;0
9630;0
9631;0
9632;16
9633;78
9634;51
9635;1
9636;6
9637;96
9638;6
9639;27
9640;0
9641;18
9642;52
9643;0
9644;47
9645;7
9646;6
9647;6
9648;11
9649;127
9650;150
9651;19
9652;0
9653;32
9654;4
9655;2
9656;3
9657;6
9658;6
9659;6
9660;11
9661;2
9662;46
9663;125
9664;0
9665;13
9666;2
9667;6
9668;22
9669;1
9670;23
9671;26
9672;42
9673;29
9674;13
9675;1
9676;60
9677;59
9678;8
9679;1
9680;41
9681;241
9682;1
9683;63
9684;0
9685;31
9686;61
9687;31
9688;28
9689;19
9690;4
9691;47
9692;127
9693;10
9694;9
9695;28
9696;62
9697;0
9698;1
9699;39
9700;4
9701;1
9702;19
9703;0
9704;79
9705;6
9706;77
9707;17
9708;65
9709;40
9710;197
9711;11
9712;25
9713;76
9714;31
9715;59
9716;5
9717;60
9718;3
9719;19
9720;5
9721;28
9722;10
9723;44
9724;0
9725;78
9726;4
9727;12
9728;0
9729;36
9730;26
9731;17
9732;4
9733;16
9734;2
9735;0
9736;20
9737;0
9738;43
9739;2
9740;22
9741;189
9742;20
9743;5
9744;8
9745;0
9746;34
9747;0
9748;1
9749;16
9750;40
9751;11
9752;277
9753;1
9754;11
9755;4
9756;60
9757;4
9758;135
9759;32
9760;0
9761;5
9762;6
9763;243
9764;17
9765;10
9766;11
9767;0
9768;26
9769;46
9770;41
9771;3
9772;8
9773;7
9774;170
9775;7
9776;109
9777;0
9778;4
9779;8
9780;74
9781;0
9782;4
9783;40
9784;0
9785;77
9786;14
9787;0
9788;6
9789;28
9790;102
9791;1
9792;74
9793;4
9794;0
9795;0
9796;0
9797;2
9798;5
9799;27
9800;30
9801;49
9802;4
9803;86
9804;19
9805;1
9806;39
9807;4
9808;49
9809;61
9810;29
9811;8
9812;6
9813;31
9814;17
9815;22
9816;0
9817;6
9818;51
9819;37
9820;0
9821;51
9822;23
9823;16
9824;1
9825;58
9826;93
9827;28
9828;76
9829;4
9830;3
9831;81
9832;62
9833;13
9834;0
9835;3
9836;1
9837;0
9838;84
9839;7
9840;13
9841;27
9842;170
9843;195
9844;5
9845;91
9846;0
9847;4
9848;19
9849;12
9850;68
9851;51
9852;4
9853;37
9854;27
9855;0
9856;16
9857;16
9858;36
9859;108
9860;0
9861;0
9862;151
9863;52
9864;74
9865;0
9866;76
9867;56
9868;0
9869;24
9870;1
9871;2
9872;53
9873;2
9874;44
9875;22
9876;30
9877;71
9878;27
9879;26
9880;11
9881;51
9882;6
9883;137
9884;36
9885;127
9886;73
9887;6
9888;93
9889;1
9890;11
9891;45
9892;0
9893;1
9894;6
9895;47
9896;2
9897;1
9898;11
9899;47
9900;46
9901;4
9902;45
9903;116
9904;32
9905;27
9906;34
9907;20
9908;0
9909;0
9910;13
9911;16
9912;11
9913;53
9914;1
9915;89
9916;7
9917;14
9918;2
9919;12
9920;18
9921;11
9922;5
9923;73
9924;39
9925;0
9926;21
9927;31
9928;26
9929;11
9930;19
9931;80
9932;16
9933;28
9934;6
9935;5
9936;7
9937;79
9938;0
9939;69
9940;121
9941;64
9942;1
9943;4
9944;9
9945;61
9946;40
9947;51
9948;2
9949;10
9950;192
9951;52
9952;7
9953;3
9954;12
9955;17
9956;18
9957;90
9958;87
9959;48
9960;2
9961;12
9962;176
9963;47
9964;128
9965;5
9966;32
9967;28
9968;0
9969;167
9970;40
9971;4
9972;0
9973;28
9974;2
9975;0
9976;63
9977;20
9978;34
9979;106
9980;0
9981;0
9982;76
9983;16
9984;0
9985;37
9986;64
9987;0
9988;4
9989;57
9990;6
9991;82
9992;14
9993;0
9994;18
9995;355
9996;22
9997;23
9998;83
9999;29
